FN4    220.32150     -3.99500      0.04705      1.00000
FN4    215.83650     -4.50500     -0.02353      1.00000
FN4    214.48650     -6.71000     -0.01548      1.00000
FN4    209.14650     -8.09000      0.03233      1.00000
FN4    216.25650    -11.34500      0.00512      1.00000
FN4    208.96650    -13.38500      0.00031      1.00000
FN4    213.93150    -13.46000     -0.00467      1.00000
FN4    212.95650    -14.39000     -0.00197      1.00000
FN4    208.20150    -14.88500      0.04199      1.00000
FN4    207.75150     -2.40500      0.02198      1.00000
FN4    209.59650    -17.51000      0.02889      1.00000
FN4    223.33650     -2.78000      0.05527      1.00000
FN4    209.71650    -19.46000      0.09051      1.00000
FN4    208.63650    -20.01500      0.05066      1.00000
FN4    218.86650    -24.08000      0.06896      1.00000
FN4    218.08650    -24.84500      0.08663      1.00000
FN4    220.69650    -25.59500      0.06114      1.00000
FN4    207.90150    -28.70000      0.04787      1.00000
FN4    221.56650    -29.70500      0.05619      1.00000
FN4    211.21650    -30.15500      0.03010      1.00000
FN4    210.24150     -3.06500      0.00443      1.00000
FN4    221.74650     -6.60500      0.07084      1.00000
FN4    214.02150     -7.52000      0.09863      1.00000
FN4    213.43650     -8.28500      0.03753      1.00000
FN4    209.86650     -8.37500      0.14016      1.00000
FN4    212.10150     -9.17000      0.08267      1.00000
FN4    219.57150    -11.43500      0.41068      1.00000
FN4    206.11650     -2.90000      0.11139      1.00000
FN4    219.42150    -13.53500      0.18906      1.00000
FN4    210.03150    -13.65500      0.12046      1.00000
FN4    211.56150    -14.09000      0.06300      1.00000
FN4    224.08650     -3.21500      0.10824      1.00000
FN4    210.33150    -16.32500      0.06805      1.00000
FN4    210.96150     -4.85000      0.08255      1.00000
FN4    206.59650    -18.18500      0.04204      1.00000
FN4    205.48650    -18.39500      0.17970      1.00000
FN4    220.71150    -18.84500      0.10756      1.00000
FN4    218.32650    -19.29500      0.14482      1.00000
FN4    219.27150    -19.76000      0.13903      1.00000
FN4    214.45650    -20.12000      0.07601      1.00000
FN4    207.81150    -20.42000      0.12768      1.00000
FN4    210.30150    -21.08000      0.09956      1.00000
FN4    220.38150    -21.99500      0.19926      1.00000
FN4    208.32150    -22.46000      0.09805      1.00000
FN4    215.91150    -22.50500      0.07586      1.00000
FN4    211.35150    -23.30000      0.09367      1.00000
FN4    213.52650    -23.40500      0.07030      1.00000
FN4    209.40150    -25.41500      0.13760      1.00000
FN4    214.54650    -25.49000      0.06858      1.00000
FN4    209.22150    -26.10500      0.11243      1.00000
FN4    216.33150    -29.36000      0.09688      1.00000
FN4    205.47150    -29.52500      0.13494      1.00000
FN4    210.58650    -29.55500      0.09613      1.00000
FN4    205.50150     -4.94000      0.14033      1.00000
FN4    209.83650    -30.80000      0.17435      1.00000
FN4    211.63650     -5.25500      0.19140      1.00000
FN4    208.00650     -6.92000      0.21250      1.00000
FN4    206.43150     -7.34000      0.25667      1.00000
FN4    215.58150     -7.67000      0.19765      1.00000
FN4    211.99650     -8.42000      0.19896      1.00000
FN4    207.19650     -9.44000      0.23863      1.00000
FN4    214.87650     -9.66500      0.10705      1.00000
FN4    210.39150    -14.00000      0.19004      1.00000
FN4    208.18650    -15.26000      0.32121      1.00000
FN4    219.78150     -2.52500      0.04974      1.00000
FN4    218.65650     -2.75000      0.23180      1.00000
FN4    216.81150     -4.29500      0.23225      1.00000
FN4    220.86150    -15.74000      0.25174      1.00000
FN4    219.75150    -15.96500      1.12238      1.00000
FN4    213.67650    -17.21000      0.16488      1.00000
FN4    207.49650    -17.61500      0.18959      1.00000
FN4    222.07650    -17.99000      0.25417      1.00000
FN4    212.41650    -17.52500      0.17589      1.00000
FN4    222.58650    -20.04500      0.23365      1.00000
FN4    215.16150    -20.51000      0.21079      1.00000
FN4    217.65150    -21.95000      0.22823      1.00000
FN4    213.34650    -22.97000      0.20556      1.00000
FN4    211.33650    -23.12000      0.19663      1.00000
FN4    208.02150    -23.40500      0.22480      1.00000
FN4    213.27150    -24.09500     -0.15188      1.00000
FN4    210.06150    -27.03500      0.11473      1.00000
FN4    206.11650    -28.16000      0.21712      1.00000
FN4    217.44150    -28.37000      0.25872      1.00000
FN4    213.48150    -28.62500      0.18464      1.00000
FN4    205.45650    -30.11000      0.20034      1.00000
FN4    223.59150     -6.78500      0.24818      1.00000
FN4    211.27650     -6.90500      0.15002      1.00000
FN4    207.96150     -7.19000      0.16212      1.00000
FN4    223.42650     -7.47500      0.11725      1.00000
FN4    208.87650     -3.33500      0.12181      1.00000
FN4    210.00150    -10.82000      0.19933      1.00000
FN4    213.30150    -11.39000      0.15404      1.00000
FN4    206.05650    -11.94500      0.17316      1.00000
FN4    217.36650    -12.15500      0.19451      1.00000
FN4    219.34650    -12.20000      0.16881      1.00000
FN4    213.40650    -12.41000      0.14963      1.00000
FN4    211.84650    -12.50000      0.15028      1.00000
FN4    223.23150    -12.78500      0.16075      1.00000
FN4    222.46650    -14.28500      0.19744      1.00000
FN4    209.76150    -14.58500      0.14515      1.00000
FN4    206.37150    -15.11000      0.20581      1.00000
FN4    222.52650     -3.83000      0.17483      1.00000
FN4    220.86150    -15.83000      0.18949      1.00000
FN4    206.28150    -16.44500      0.16741      1.00000
FN4    215.11650     -4.31000      0.15275      1.00000
FN4    218.52150    -17.25500      0.18629      1.00000
FN4    213.64650    -17.36000      0.15038      1.00000
FN4    219.12150    -18.05000      0.19891      1.00000
FN4    206.88150    -18.35000      0.14294      1.00000
FN4    221.52150    -18.92000      0.21124      1.00000
FN4    222.91650    -19.40000      0.17528      1.00000
FN4    215.38650    -21.14000      0.16632      1.00000
FN4    220.80150    -21.17000      0.24341      1.00000
FN4    206.94150    -21.87500      0.16266      1.00000
FN4    210.69150    -21.99500      0.12196      1.00000
FN4    207.67650    -22.65500      0.17824      1.00000
FN4    214.27650    -23.45000      0.14533      1.00000
FN4    208.50150    -26.03000      0.15150      1.00000
FN4    211.75650    -27.71000      0.14242      1.00000
FN4    211.65150    -29.06000      0.13525      1.00000
FN4    218.46150    -29.72000      0.20330      1.00000
FN4    206.04150    -29.85500      0.13434      1.00000
FN4    217.59150     -5.75000      0.15672      1.00000
FN3    211.54650     27.50000      0.23963      1.00000
FN3    214.12650     26.69000      0.21777      1.00000
FN3    211.27650     25.91000      0.23021      1.00000
FN3    208.93650     21.11000      0.24275      1.00000
FN3    211.65150     21.06500      0.23869      1.00000
FN3    217.05150     20.37500      0.24839      1.00000
FN3    218.17650     17.93000      0.19933      1.00000
FN3    222.33150     17.75000      0.16057      1.00000
FN3    221.49150     17.42000      0.16724      1.00000
FN3    217.54650     29.15000      0.20234      1.00000
FN3    206.19150     14.82500      0.26672      1.00000
FN3    211.02150     12.84500      0.23739      1.00000
FN3    205.56150     12.77000      0.24208      1.00000
FN3    218.07150     28.29500      0.20142      1.00000
FN3    213.49650      9.42500      0.18241      1.00000
FN3    212.17650      8.54000      0.24299      1.00000
FN3    210.09150      4.04000      0.15438      1.00000
FN3    211.62150      3.62000      0.19787      1.00000
FN3    215.95650      3.42500      0.20180      1.00000
FN3    213.99150     30.26000      0.34912      1.00000
FN3    208.81650     30.18500      0.31783      1.00000
FN3    206.94150     27.89000      0.33255      1.00000
FN3    208.65150     27.80000      0.36021      1.00000
FN3    211.77150     27.26000      0.35498      1.00000
FN3    210.52650     26.91500      0.36045      1.00000
FN3    209.26650     26.28500      0.30081      1.00000
FN3    213.33150     26.13500      0.34235      1.00000
FN3    218.97150     25.79000      0.32560      1.00000
FN3    207.30150     25.76000      0.32344      1.00000
FN3    222.09150     25.26500      0.29667      1.00000
FN3    213.73650     24.12500      0.37733      1.00000
FN3    215.89650     23.49500      0.31201      1.00000
FN3    217.90650     23.25500      0.32161      1.00000
FN3    222.73650     23.06000      0.27480      1.00000
FN3    220.14150     22.95500      0.19495      1.00000
FN3    206.65650     22.76000      0.41346      1.00000
FN3    215.34150     22.25000      0.23849      1.00000
FN3    216.58650     22.95500      0.33071      1.00000
FN3    211.98150     21.72500      0.37508      1.00000
FN3    205.89150     21.27500      0.27992      1.00000
FN3    207.97650     20.72000      0.35063      1.00000
FN3    209.95650     20.43500      0.36610      1.00000
FN3    220.57650     20.42000      0.26710      1.00000
FN3    216.04650     19.92500      0.34517      1.00000
FN3    213.07650     19.44500      0.34094      1.00000
FN3    218.38650     17.81000      0.32353      1.00000
FN3    217.68150     16.82000      0.32593      1.00000
FN3    212.01150     16.04000      0.37591      1.00000
FN3    209.05650     16.05500      0.37333      1.00000
FN3    221.16150     15.62000      0.28460      1.00000
FN3    206.34150     13.49000      0.36144      1.00000
FN3    211.74150     13.14500      0.34039      1.00000
FN3    220.03650     12.69500      0.11215      1.00000
FN3    217.57650     11.12000      0.34522      1.00000
FN3    218.10150     10.28000      0.36712      1.00000
FN3    222.18150      9.42500      0.33709      1.00000
FN3    211.57650      9.47000      0.37750      1.00000
FN3    208.50150      9.08000      0.31439      1.00000
FN3    214.15650      8.66000      0.36926      1.00000
FN3    211.32150      7.88000      0.41592      1.00000
FN3    218.10150      7.82000      0.27111      1.00000
FN3    219.31650      7.70000      0.30788      1.00000
FN3    223.98150      7.64000      0.28449      1.00000
FN3    210.79650      5.46500      0.31749      1.00000
FN3    208.96650      3.08000      0.35976      1.00000
FN3    211.68150      3.02000      0.39151      1.00000
FN3    215.89650      2.96000      0.33761      1.00000
FN3    214.77150      2.88500      0.30008      1.00000
FN3    217.09650      2.37500      0.33165      1.00000
FN3    212.43150     29.82500      0.23961      1.00000
FN3    221.59650     28.19000      0.37114      1.00000
FN3    212.19150     27.48500      0.52297      1.00000
FN3    205.68150     26.84000      0.37307      1.00000
FN3    216.39150     26.78000      0.30987      1.00000
FN3    217.08150     26.24000      0.36007      1.00000
FN3    209.14650     26.67500      0.36920      1.00000
FN3    209.74650     25.26500      0.40912      1.00000
FN3    220.95150     25.19000      0.42795      1.00000
FN3    206.32650     24.90500      0.37597      1.00000
FN3    213.85650     23.75000      0.39913      1.00000
FN3    220.14150     23.70500      0.33816      1.00000
FN3    219.15150     23.61500      0.37099      1.00000
FN3    210.37650     23.33000      0.39772      1.00000
FN3    222.27150     23.15000      0.37533      1.00000
FN3    217.50150     23.13500      0.38195      1.00000
FN3    212.77650     22.94000      0.53459      1.00000
FN3    216.76650     22.47500      0.39602      1.00000
FN3    207.84150     22.55000      0.39565      1.00000
FN3    218.73150     21.84500      0.38904      1.00000
FN3    210.88650     20.88500      0.35613      1.00000
FN3    206.85150     20.39000     -0.11541      1.00000
FN3    212.46150     19.74500     -0.10368      1.00000
FN3    216.70650     19.71500      0.41009      1.00000
FN3    212.07150     18.66500      0.39096      1.00000
FN3    217.35150     17.51000      0.36084      1.00000
FN3    208.95150     17.60000      0.39778      1.00000
FN3    207.90150     16.97000      0.46733      1.00000
FN3    218.46150     16.59500      0.36567      1.00000
FN3    205.96650     16.16000      0.39848      1.00000
FN3    220.63650     15.92000      0.35398      1.00000
FN3    210.39150     15.78500      0.41739      1.00000
FN3    210.22650     13.58000      0.41274      1.00000
FN3    209.22150     13.64000      0.48582      1.00000
FN3    208.08150     13.19000      0.38732      1.00000
FN3    206.86650     11.94500      0.37974      1.00000
FN3    222.76650     11.51000      0.35566      1.00000
FN3    213.70650     11.28500      0.40742      1.00000
FN3    210.49650     10.11500      0.37450      1.00000
FN3    209.91150      7.34000      0.34789      1.00000
FN3    207.00150      6.50000      0.49830      1.00000
FN3    210.36150      5.96000      0.40727      1.00000
FN3    223.26150      5.51000      0.34796      1.00000
FN3    218.62650      4.88000      0.38318      1.00000
FN3    223.84650      3.84500      0.29890      1.00000
FN3    216.73650      3.47000      0.35019      1.00000
FN3    213.09150      2.67500      0.39902      1.00000
FN3    210.46650      2.66000      0.33519      1.00000
FN3    220.36650      2.54000      0.35076      1.00000
FN3    217.35150      2.24000      0.36897      1.00000
FN3    215.92650      2.03000      0.32898      1.00000
FN3    213.69150     27.51500      0.38172      1.00000
FN3    216.78150     26.84000      0.41242      1.00000
FN3    210.46650     26.34500      0.38061      1.00000
FN3    209.88150     23.57000      0.41523      1.00000
FN3    206.98650     22.74500      0.38119      1.00000
FN3    210.33150     22.19000      0.40979      1.00000
FN3    218.58150     21.09500      0.38446      1.00000
FN3    216.67650     19.68500      0.36244      1.00000
FN3    213.06150     18.90500      0.39895      1.00000
FN3    220.33650     18.75500      0.36789      1.00000
FN3    217.30650     18.45500      0.37862      1.00000
FN3    215.91150     18.21500      0.40240      1.00000
FN3    211.18650     16.92500      0.42182      1.00000
FN3    214.03650     17.01500      0.41412      1.00000
FN3    215.16150     16.04000      0.39895      1.00000
FN3    220.47150     15.44000      0.33593      1.00000
FN3    219.21150     15.03500      0.35272      1.00000
FN3    209.67150     13.89500      0.40294      1.00000
FN3    208.75650     13.76000      0.39313      1.00000
FN3    217.68150     13.38500      0.38587      1.00000
FN3    219.85650     13.38500      0.62932      1.00000
FN3    210.21150     29.81000      0.37179      1.00000
FN3    218.74650     13.16000      0.34858      1.00000
FN3    208.05150     29.42000      0.37165      1.00000
FN3    211.72650     10.65500      0.41477      1.00000
FN3    206.82150     28.17500      0.30586      1.00000
FN3    212.37150      9.59000      0.16004      1.00000
FN3    208.05150      8.99000      0.37122      1.00000
FN3    206.49150      8.57000      0.36541      1.00000
FN3    215.68650      8.21000      0.39916      1.00000
FN3    212.07150      7.49000      0.39352      1.00000
FN3    207.27150      6.47000      0.37956      1.00000
FN3    214.93650      6.23000      0.37659      1.00000
FN3    216.81150      3.84500      0.40055      1.00000
FN3    216.96150     27.92000      0.37487      1.00000
FN3    210.45150      1.92500      0.36814      1.00000
FN2    184.67550    122.69000     -0.07155      1.00000
FN2    183.04050    120.33500     -0.08267      1.00000
FN2    181.04550    119.49500     -0.07805      1.00000
FN2    178.06050    116.27000     -0.13036      1.00000
FN2    184.46550    115.52000     -0.10221      1.00000
FN2    179.02050    113.84000     -0.12963      1.00000
FN2    181.72050    113.60000     -0.08023      1.00000
FN2    186.80550    112.23500     -0.04832      1.00000
FN2    186.77550    110.70500     -0.07145      1.00000
FN2    176.87550    109.71500     -0.08319      1.00000
FN2    174.44550    109.65500     -0.08960      1.00000
FN2    182.17050    125.58500     -0.07468      1.00000
FN2    176.62050    108.63500     -0.09779      1.00000
FN2    176.21550    106.67000     -0.09810      1.00000
FN2    196.69050    106.65500     -0.12651      1.00000
FN2    172.30050    106.50500     -0.11600      1.00000
FN2    174.19050    104.16500     -0.14338      1.00000
FN2    183.47550    102.87500     -0.07620      1.00000
FN2    171.91050    101.45000     -0.09293      1.00000
FN2    193.39050    101.42000     -0.04433      1.00000
FN2    172.30050    100.85000     -0.15577      1.00000
FN2    190.61550    100.35500     -0.02501      1.00000
FN2    184.12050     98.96000     -0.08538      1.00000
FN2    194.65050     98.73500     -0.04074      1.00000
FN2    175.09050    120.80000     -0.00444      1.00000
FN2    178.34550    120.44000     -0.01418      1.00000
FN2    172.64550    119.99000     -0.01497      1.00000
FN2    185.47050    118.92500      0.00904      1.00000
FN2    188.00550    117.35000      0.02912      1.00000
FN2    176.89050    116.46500     -0.02183      1.00000
FN2    190.37550    115.76000     -0.02173      1.00000
FN2    183.37050    115.02500      0.00640      1.00000
FN2    190.15050    115.04000     -0.12650      1.00000
FN2    179.84550    114.12500      0.00354      1.00000
FN2    192.70050    113.94500      0.07719      1.00000
FN2    185.35050    113.69000      0.05431      1.00000
FN2    183.47550    113.31500      0.01229      1.00000
FN2    176.68050    112.91000     -0.02611      1.00000
FN2    177.35550    112.53500      0.00065      1.00000
FN2    183.07050    112.19000     -0.02146      1.00000
FN2    183.92550    111.89000      0.02757      1.00000
FN2    174.44550    111.03500      0.03346      1.00000
FN2    193.07550    110.93000      0.04845      1.00000
FN2    187.61550    110.57000      0.04400      1.00000
FN2    176.38050    109.26500     -0.00052      1.00000
FN2    179.05050    109.25000      0.03696      1.00000
FN2    177.31050    124.92500     -0.01706      1.00000
FN2    186.16050    109.11500     -0.23658      1.00000
FN2    172.76550    108.62000      0.02596      1.00000
FN2    178.07550    108.35000     -0.01185      1.00000
FN2    191.02050    107.73500      0.01945      1.00000
FN2    185.41050    124.58000     -0.14155      1.00000
FN2    188.38050    107.04500      0.01104      1.00000
FN2    187.37550    122.42000      0.01613      1.00000
FN2    188.72550    106.28000      0.03224      1.00000
FN2    186.20550    105.75500      0.00296      1.00000
FN2    190.79550    105.80000      0.05528      1.00000
FN2    186.98550    105.56000      0.03752      1.00000
FN2    188.21550    105.50000      0.05999      1.00000
FN2    196.91550    105.26000      0.06446      1.00000
FN2    184.61550    104.64500      0.05279      1.00000
FN2    181.66050    122.09000      0.00771      1.00000
FN2    174.11550    102.98000      0.06525      1.00000
FN2    182.98050    102.29000      0.02379      1.00000
FN2    188.38050    101.76500      0.27347      1.00000
FN2    181.00050    101.45000      0.08822      1.00000
FN2    183.01050    101.06000     -0.05094      1.00000
FN2    189.97050    100.13000      0.05712      1.00000
FN2    192.83550    100.19000      0.06022      1.00000
FN2    180.94050     99.35000     -0.05219      1.00000
FN2    199.21050     98.45000      0.10215      1.00000
FN2    176.42550     98.45000      0.12220      1.00000
FN2    193.79550     98.24000      0.04181      1.00000
FN2    178.00050     98.22500     -0.00691      1.00000
FN2    179.50050    123.08000      0.05273      1.00000
FN2    186.91050    122.45000      0.15859      1.00000
FN2    173.90550    120.87500      0.13546      1.00000
FN2    178.52550    120.50000      0.13687      1.00000
FN2    172.25550    120.47000      0.08396      1.00000
FN2    174.68550    119.82500      0.22265      1.00000
FN2    187.19550    119.30000      0.18178      1.00000
FN2    181.70550    118.73000      0.17324      1.00000
FN2    183.44550    118.62500      0.24816      1.00000
FN2    177.80550    117.60500      0.07828      1.00000
FN2    175.49550    117.39500      0.05613      1.00000
FN2    177.16050    117.21500      0.16702      1.00000
FN2    179.06550    116.78000      0.19067      1.00000
FN2    183.85050    116.64500      0.19622      1.00000
FN2    173.27550    116.33000      0.13270      1.00000
FN2    177.76050    115.64000      0.00031      1.00000
FN2    191.62050    114.98000      0.18782      1.00000
FN2    177.64050    114.77000      0.15764      1.00000
FN2    180.11550    114.27500      0.15727      1.00000
FN2    173.35050    113.61500      0.10179      1.00000
FN2    188.72550    113.48000      0.17542      1.00000
FN2    178.01550    113.48000      0.08722      1.00000
FN2    175.43550    113.10500     -0.07113      1.00000
FN2    173.33550    112.49000      0.10720      1.00000
FN2    181.36050    112.10000      0.15140      1.00000
FN2    190.66050    111.72500      0.18316      1.00000
FN2    193.31550    111.69500      0.19584      1.00000
FN2    187.04550    111.06500      0.18648      1.00000
FN2    192.35550    110.79500      0.21750      1.00000
FN2    176.29050    106.43000      0.18866      1.00000
FN2    178.40550    124.74500      0.16439      1.00000
FN2    177.67050    123.87500      0.13985      1.00000
FN2    188.39550    105.44000      0.19943      1.00000
FN2    197.26050    104.73500      0.24467      1.00000
FN2    195.26550    103.91000      0.21836      1.00000
FN2    184.00050    103.68500      0.17516      1.00000
FN2    177.07050    103.61000      0.17516      1.00000
FN2    197.27550    103.50500      0.20444      1.00000
FN2    177.29550    101.94500      0.27169      1.00000
FN2    195.20550    101.79500      0.25102      1.00000
FN2    190.70550    100.89500      0.18024      1.00000
FN2    192.29550    100.67000      0.20118      1.00000
FN2    173.59050    100.04000      0.09300      1.00000
FN2    187.91550     99.54500      0.20431      1.00000
FN2    196.55550     99.03500      0.37205      1.00000
FN2    174.88050     98.81000      0.14795      1.00000
FN2    182.89050     98.75000      0.26156      1.00000
FN2    175.94550     98.70500      0.11845      1.00000
FN2    186.38550     98.58500      0.19796      1.00000
FN2    179.71050     98.45000      0.24865      1.00000
FN2    193.24050     98.24000      0.24557      1.00000
FN2    191.62050     98.10500      0.20847      1.00000
FN2    195.94050     98.04500      0.27805      1.00000
FN2    180.53550    126.11000      0.15076      1.00000
FN2    182.29050    125.88500      0.17553      1.00000
FN2    176.35050    122.67500      0.05335      1.00000
FN2    177.11550    119.84000      0.01673      1.00000
FN2    177.35550    118.20500      0.10112      1.00000
FN2    190.75050    117.12500      0.07668      1.00000
FN2    182.42550    116.76500      0.02758      1.00000
FN2    173.63550    116.28500     -0.11208      1.00000
FN2    172.51050    115.59500      0.03086      1.00000
FN2    174.92550    115.07000      0.01209      1.00000
FN2    175.99050    114.95000      0.02060      1.00000
FN2    182.93550    115.02500     -0.10491      1.00000
FN2    186.43050    114.81500      0.05945      1.00000
FN2    179.77050    114.71000      0.00769      1.00000
FN2    184.01550    113.84000      0.06994      1.00000
FN2    172.43550    113.40500     -0.06657      1.00000
FN2    184.39050    112.47500      0.06285      1.00000
FN2    176.26050    112.01000      0.00425      1.00000
FN2    173.92050    111.66500     -0.00688      1.00000
FN2    179.71050    110.34500      0.01165      1.00000
FN2    188.71050    110.28500      0.09510      1.00000
FN2    176.30550    110.25500     -0.00172      1.00000
FN2    190.90050    109.26500      0.09562      1.00000
FN2    193.96050    108.83000      0.09825      1.00000
FN2    188.47050    107.96000      0.08852      1.00000
FN2    179.20050    107.78000     -0.02669      1.00000
FN2    190.49550    107.30000      0.09953      1.00000
FN2    186.58050    107.13500      0.08521      1.00000
FN2    181.04550    107.09000      0.02271      1.00000
FN2    174.07050    106.92500      0.00526      1.00000
FN2    178.30050    106.41500      0.05011      1.00000
FN2    184.60050    105.24500      0.06277      1.00000
FN2    191.47050    105.05000      0.10147      1.00000
FN2    188.47050    104.79500      0.03767      1.00000
FN2    196.51050    104.13500      0.12981      1.00000
FN2    175.63050    104.19500     -0.09250      1.00000
FN2    186.59550    103.23500      0.07621      1.00000
FN2    197.72550    103.49000      0.16320      1.00000
FN2    172.43550    103.02500      0.01124      1.00000
FN2    186.17550    102.08000     -0.04209      1.00000
FN2    178.69050    101.78000      0.04528      1.00000
FN2    174.92550    101.37500      0.06940      1.00000
FN2    178.48050    100.61000      0.03076      1.00000
FN2    179.47050    100.23500      0.02561      1.00000
FN2    187.75050    100.20500      0.02059      1.00000
FN2    188.66550     98.85500      0.10202      1.00000
FN2    200.36550     98.66000      0.13995      1.00000
FN2    178.16550     97.95500      0.02409      1.00000
FN2    173.23050    125.94500      0.03689      1.00000
FN1    154.56450    154.20000     -0.30704      1.00000
FN1    150.72450    152.61000     -0.28359      1.00000
FN1    138.73950    151.45500     -0.31907      1.00000
FN1    162.87450    150.39000     -0.26206      1.00000
FN1    156.81450    149.59500     -0.26341      1.00000
FN1    161.76450    149.07000     -0.25238      1.00000
FN1    153.34950    147.88500     -0.31138      1.00000
FN1    146.79450    147.34500     -0.31071      1.00000
FN1    149.22450    147.18000     -0.33081      1.00000
FN1    159.33450    147.09000     -0.28899      1.00000
FN1    155.97450    146.64000     -0.31038      1.00000
FN1    141.84450    157.32000     -0.36979      1.00000
FN1    157.26450    143.98500     -0.29236      1.00000
FN1    140.50950    143.88000     -0.29847      1.00000
FN1    144.13950    156.96000     -0.35404      1.00000
FN1    144.63450    143.26500     -0.32219      1.00000
FN1    159.58950    156.54000     -0.32110      1.00000
FN1    160.72950    142.87500     -0.25666      1.00000
FN1    142.30950    142.65000     -0.33809      1.00000
FN1    139.03950    142.38000     -0.30577      1.00000
FN1    166.38450    141.97500     -0.24586      1.00000
FN1    156.42450    141.91500     -0.32664      1.00000
FN1    157.15950    141.82500     -0.30369      1.00000
FN1    152.14950    141.63000     -0.22449      1.00000
FN1    144.76950    141.46500     -0.31891      1.00000
FN1    153.85950    140.61000     -0.29528      1.00000
FN1    148.56450    140.55000     -0.31327      1.00000
FN1    164.23950    140.61000     -0.24719      1.00000
FN1    140.52450    140.49000     -0.30245      1.00000
FN1    143.61450    139.68000     -0.31659      1.00000
FN1    163.51950    139.74000     -0.30230      1.00000
FN1    146.07450    139.69500     -0.31703      1.00000
FN1    165.36450    138.96000     -0.26024      1.00000
FN1    149.82450    138.85500     -0.29851      1.00000
FN1    150.73950    137.25000     -0.27533      1.00000
FN1    159.70950    136.71000     -0.18249      1.00000
FN1    158.07450    136.33500     -0.26499      1.00000
FN1    143.41950    135.63000     -0.28026      1.00000
FN1    152.59950    135.19500     -0.28265      1.00000
FN1    153.33450    134.73000     -0.28541      1.00000
FN1    141.22950    134.04000     -0.26493      1.00000
FN1    162.99450    133.08000     -0.31106      1.00000
FN1    140.28450    132.66000     -0.23500      1.00000
FN1    163.60950    131.50500     -0.24292      1.00000
FN1    149.89950    130.09500     -0.22152      1.00000
FN1    156.70950    156.12000     -0.20000      1.00000
FN1    151.84950    155.35500     -0.25515      1.00000
FN1    140.04450    153.96000     -0.30561      1.00000
FN1    158.32950    153.85500     -0.18667      1.00000
FN1    148.92450    152.80500     -0.27366      1.00000
FN1    139.96950    152.05500     -0.30027      1.00000
FN1    150.39450    152.04000     -0.28035      1.00000
FN1    143.86950    151.66500     -0.27572      1.00000
FN1    142.48950    151.47000     -0.34742      1.00000
FN1    164.58450    150.28500     -0.15980      1.00000
FN1    146.11950    150.21000     -0.27141      1.00000
FN1    154.54950    149.59500     -0.21295      1.00000
FN1    157.03950    148.83000     -0.25585      1.00000
FN1    144.75450    148.62000     -0.25115      1.00000
FN1    142.06950    147.67500     -0.30337      1.00000
FN1    154.23450    147.06000     -0.23945      1.00000
FN1    155.94450    147.01500     -0.20550      1.00000
FN1    162.37950    146.23500     -0.19142      1.00000
FN1    157.02450    146.16000     -0.24328      1.00000
FN1    143.01450    145.65000     -0.24446      1.00000
FN1    158.37450    145.56000     -0.22578      1.00000
FN1    147.37950    145.38000     -0.27365      1.00000
FN1    153.84450    145.03500     -0.28780      1.00000
FN1    142.29450    144.96000     -0.26149      1.00000
FN1    146.73450    144.52500     -0.25410      1.00000
FN1    145.80450    144.07500     -0.25546      1.00000
FN1    160.26450    143.94000     -0.21919      1.00000
FN1    165.82950    143.68500     -0.22892      1.00000
FN1    159.93450    142.89000     -0.23160      1.00000
FN1    147.66450    141.51000     -0.25387      1.00000
FN1    158.73450    141.43500     -0.21470      1.00000
FN1    153.99450    158.07000     -0.18056      1.00000
FN1    166.21950    141.00000     -0.17510      1.00000
FN1    154.99950    140.41500     -0.20228      1.00000
FN1    141.73950    139.20000     -0.24787      1.00000
FN1    144.03450    138.84000     -0.23196      1.00000
FN1    159.49950    138.45000     -0.21700      1.00000
FN1    138.76950    138.33000     -0.34719      1.00000
FN1    153.22950    137.74500     -0.14787      1.00000
FN1    165.39450    137.26500     -0.17709      1.00000
FN1    154.47450    136.11000     -0.21530      1.00000
FN1    162.54450    135.39000     -0.12631      1.00000
FN1    150.63450    134.50500     -0.21292      1.00000
FN1    165.07950    134.26500     -0.18070      1.00000
FN1    163.08450    133.90500     -0.24621      1.00000
FN1    140.31450    133.87500     -0.26893      1.00000
FN1    138.64950    133.33500     -0.18057      1.00000
FN1    162.78450    132.30000     -0.17975      1.00000
FN1    156.72450    131.50500     -0.25770      1.00000
FN1    161.67450    130.98000     -0.18256      1.00000
FN1    141.07950    130.50000     -0.41499      1.00000
FN1    159.36450    130.38000     -0.15049      1.00000
FN1    162.30450    130.41000     -0.18729      1.00000
FN1    154.24950    154.53000     -0.13209      1.00000
FN1    158.14950    154.14000     -0.10366      1.00000
FN1    140.98950    154.20000     -0.16389      1.00000
FN1    156.73950    153.91500     -0.12148      1.00000
FN1    147.90450    153.72000     -0.19479      1.00000
FN1    160.39950    152.67000     -0.11228      1.00000
FN1    145.14450    151.96500     -0.19830      1.00000
FN1    159.04950    151.09500     -0.10728      1.00000
FN1    148.00950    150.85500     -0.18678      1.00000
FN1    156.34950    150.15000     -0.14228      1.00000
FN1    150.06450    150.06000     -0.20269      1.00000
FN1    140.23950    149.37000     -0.20574      1.00000
FN1    157.29450    148.12500     -0.12307      1.00000
FN1    161.64450    147.87000     -0.13345      1.00000
FN1    147.66450    147.54000     -0.17157      1.00000
FN1    144.61950    147.22500     -0.17376      1.00000
FN1    156.57450    147.43500     -0.12554      1.00000
FN1    161.01450    146.98500     -0.10963      1.00000
FN1    160.08450    146.53500     -0.11878      1.00000
FN1    151.77450    146.01000     -0.05557      1.00000
FN1    143.32950    145.44000     -0.20646      1.00000
FN1    147.09450    158.16000     -0.18802      1.00000
FN1    138.51450    144.66000     -0.19937      1.00000
FN1    145.98450    144.64500     -0.18679      1.00000
FN1    161.95950    143.98500     -0.10048      1.00000
FN1    162.64950    143.56500     -0.09194      1.00000
FN1    139.53450    142.23000     -0.20494      1.00000
FN1    156.03450    141.67500     -0.10194      1.00000
FN1    147.64950    141.55500     -0.16249      1.00000
FN1    158.32950    141.31500     -0.12801      1.00000
FN1    138.96450    141.25500     -0.16955      1.00000
FN1    138.54450    156.84000     -0.24097      1.00000
FN1    147.10950    140.40000     -0.17635      1.00000
FN1    154.33950    156.42000     -0.12546      1.00000
FN1    161.95950    139.89000     -0.17602      1.00000
FN1    143.13450    155.95500     -0.21945      1.00000
FN1    144.55950    139.12500     -0.14488      1.00000
FN1    145.26450    139.11000     -0.14249      1.00000
FN1    139.57950    138.13500     -0.17175      1.00000
FN1    164.91450    136.96500     -0.06065      1.00000
FN1    165.34950    136.54500     -0.10628      1.00000
FN1    154.60950    136.36500     -0.10488      1.00000
FN1    152.92950    135.79500     -0.07417      1.00000
FN1    147.34950    134.88000     -0.18167      1.00000
FN1    145.47450    133.89000     -0.16516      1.00000
FN1    139.39950    133.65000     -0.15270      1.00000
FN1    147.01950    133.63500     -0.12300      1.00000
FN1    155.28450    132.94500     -0.16523      1.00000
FN1    145.57950    132.60000     -0.13649      1.00000
FN1    146.37450    155.20500     -0.21024      1.00000
FN1    159.40950    132.01500      0.31608      1.00000
FN1    160.98450    131.71500     -0.08192      1.00000
FN1    159.87450    131.67000     -0.77742      1.00000
FN1    163.42950    131.55000     -0.08716      1.00000
FN1    149.11950    131.32500     -0.19257      1.00000
FN1    150.90450    130.78500     -0.15429      1.00000
FN1    156.12450    157.96500     -0.19560      1.00000
FN1    147.19950    156.70500     -0.29006      1.00000
FN1    149.73450    156.13500     -0.27210      1.00000
FN1    145.35450    155.41500     -0.31247      1.00000
FN1    144.64950    155.43000     -0.29928      1.00000
FN1    139.66950    154.45500     -0.35041      1.00000
FN1    154.69950    152.67000     -0.21794      1.00000
FN1    153.01950    152.10000     -0.19896      1.00000
FN1    147.43950    151.18500     -0.28041      1.00000
FN1    145.56450    150.19500     -0.28364      1.00000
FN1    139.48950    149.95500     -0.30234      1.00000
FN1    147.10950    149.95500     -0.27544      1.00000
FN1    145.66950    148.90500     -0.27787      1.00000
FN1    159.49950    148.29000      0.08861      1.00000
FN1    161.07450    148.00500     -0.20040      1.00000
FN1    159.96450    147.94500     -0.94347      1.00000
FN1    163.51950    147.82500     -0.16516      1.00000
FN1    149.19450    147.61500     -0.22336      1.00000
FN1    150.99450    147.09000     -0.23493      1.00000
FN1    149.70450    146.16000     -0.24741      1.00000
FN1    152.08950    145.53000     -0.19439      1.00000
FN1    152.88450    145.03500     -0.23553      1.00000
FN1    162.30450    144.69000     -0.17133      1.00000
FN1    154.80450    144.52500     -0.23174      1.00000
FN1    158.91450    143.91000     -0.19988      1.00000
FN1    164.16450    143.74500     -0.15859      1.00000
FN1    147.73950    157.86000     -0.27598      1.00000
FN1    166.60950    143.53500     -0.17113      1.00000
FN1    139.68450    143.40000     -0.29570      1.00000
FN1    156.58950    143.28000     -0.15485      1.00000
FN1    153.33450    143.02500     -0.22056      1.00000
FN1    147.39450    142.48500     -0.24034      1.00000
FN1    166.42950    142.27500     -0.15214      1.00000
FN1    154.11450    142.12500     -0.25830      1.00000
FN1    159.01950    142.11000     -0.24398      1.00000
FN1    159.85950    141.81000     -0.22380      1.00000
FN1    161.91450    141.49500     -0.15626      1.00000
FN1    144.61950    141.24000     -0.28732      1.00000
FN1    162.85950    141.19500     -0.21126      1.00000
FN1    154.80450    141.13500     -0.23640      1.00000
FN1    158.41950    157.60500     -0.17023      1.00000
FN1    146.08950    140.67000     -0.26037      1.00000
FN1    139.17450    140.41500     -0.27375      1.00000
FN1    157.89450    140.32500     -0.20728      1.00000
FN1    160.35450    140.34000     -0.18676      1.00000
FN1    165.85950    139.87500     -0.14553      1.00000
FN1    164.10450    139.50000     -0.18528      1.00000
FN1    139.05450    157.57500     -0.30476      1.00000
FN1    146.02950    138.70500     -0.23442      1.00000
FN1    153.12450    157.06500     -0.19826      1.00000
FN1    165.03450    137.89500     -0.16679      1.00000
FN1    151.39950    137.71500     -0.21955      1.00000
FN1    159.00450    137.07000     -0.19640      1.00000
FN1    144.75450    136.71000     -0.14916      1.00000
FN1    150.43950    136.36500     -0.20936      1.00000
FN1    164.76450    136.29000     -0.22838      1.00000
FN1    157.69950    136.27500     -0.20574      1.00000
FN1    160.12950    134.85000     -0.25440      1.00000
FN1    155.50950    134.70000     -0.19481      1.00000
FN1    163.71450    134.35500     -0.12044      1.00000
FN1    143.29950    134.14500     -0.25818      1.00000
FN1    154.56450    133.30500     -0.17447      1.00000
FN1    138.67950    133.09500     -0.49953      1.00000
FN1    143.34450    132.18000     -0.37850      1.00000
FN1    160.02450    132.01500     -0.21286      1.00000
FN1    153.06450    131.94000     -0.27358      1.00000
FN1    162.91950    131.76000     -0.17958      1.00000
FN1    142.65450    131.11500     -0.28764      1.00000
FN1    145.74450    130.84500     -0.18700      1.00000
FN1    164.19450    130.71000     -0.14970      1.00000
FN1    141.48450    130.65000     -0.13977      1.00000
FN1    164.58450    129.99000     -0.11304      1.00000
FS1   -144.67950    157.14000     -0.03473      1.00000
FS1   -139.78950    156.49500      0.00687      1.00000
FS1   -146.17950    155.20500     -0.16347      1.00000
FS1   -155.38950    154.38000     -0.07507      1.00000
FS1   -155.44950    153.13500     -0.05863      1.00000
FS1   -160.62450    152.83500     -0.09813      1.00000
FS1   -155.35950    151.09500     -0.04632      1.00000
FS1   -151.20450    150.96000     -0.07200      1.00000
FS1   -143.85450    150.72000     -0.00870      1.00000
FS1   -159.19950    150.81000     -0.09299      1.00000
FS1   -146.14950    150.72000     -0.08529      1.00000
FS1   -154.09950    150.57000     -0.06264      1.00000
FS1   -149.95950    149.50500     -0.06463      1.00000
FS1   -160.47450    149.11500     -0.07852      1.00000
FS1   -155.49450    148.23000     -0.10101      1.00000
FS1   -162.58950    147.27000     -0.07874      1.00000
FS1   -146.95950    146.68500     -0.05388      1.00000
FS1   -149.53950    145.68000     -0.01648      1.00000
FS1   -142.42950    144.55500      0.01892      1.00000
FS1   -151.68450    144.15000     -0.08362      1.00000
FS1   -144.00450    143.89500      0.00179      1.00000
FS1   -153.78450    141.96000     -0.05651      1.00000
FS1   -138.33450    141.54000      0.01842      1.00000
FS1   -159.00450    141.57000     -0.01902      1.00000
FS1   -146.86950    141.30000     -0.00571      1.00000
FS1   -150.34950    140.02500     -0.03104      1.00000
FS1   -163.05450    139.11000     -0.07714      1.00000
FS1   -153.73950    138.57000     -0.04362      1.00000
FS1   -147.46950    138.19500     -0.01012      1.00000
FS1   -165.19950    135.97500     -0.07655      1.00000
FS1   -154.56450    135.52500     -0.03757      1.00000
FS1   -147.54450    134.88000      0.03892      1.00000
FS1   -143.14950    132.66000      0.04335      1.00000
FS1   -158.22450    132.21000     -0.03748      1.00000
FS1   -160.26450    130.06500     -0.03893      1.00000
FS1   -161.89950    156.13500     -0.44178      1.00000
FS1   -144.30450    155.71500     -0.31623      1.00000
FS1   -138.64950    154.83000     -0.24647      1.00000
FS1   -139.56450    154.78500     -0.24397      1.00000
FS1   -156.24450    154.35000     -0.40016      1.00000
FS1   -159.18450    153.93000     -0.39787      1.00000
FS1   -146.98950    153.52500     -0.38275      1.00000
FS1   -148.89450    151.80000     -0.38870      1.00000
FS1   -160.36950    151.35000     -0.40064      1.00000
FS1   -166.42950    151.11000     -0.44229      1.00000
FS1   -140.52450    150.76500     -0.30793      1.00000
FS1   -146.79450    150.60000     -0.39221      1.00000
FS1   -163.69950    150.45000     -0.46502      1.00000
FS1   -155.01450    150.40500     -0.42635      1.00000
FS1   -162.46950    149.98500     -0.42313      1.00000
FS1   -158.22450    149.83500     -0.41142      1.00000
FS1   -156.51450    149.19000     -0.41694      1.00000
FS1   -153.67950    148.90500     -0.37063      1.00000
FS1   -143.40450    148.45500     -0.28421      1.00000
FS1   -157.93950    148.32000     -0.39506      1.00000
FS1   -142.33950    147.03000     -0.28747      1.00000
FS1   -149.23950    146.50500     -0.39111      1.00000
FS1   -156.36450    145.89000     -0.39542      1.00000
FS1   -148.18950    145.63500     -0.38533      1.00000
FS1   -154.83450    145.51500     -0.39093      1.00000
FS1   -141.63450    145.41000     -0.27742      1.00000
FS1   -144.30450    145.15500     -0.31556      1.00000
FS1   -142.92450    145.06500     -0.32328      1.00000
FS1   -153.40950    144.07500     -0.48486      1.00000
FS1   -160.23450    143.79000     -0.40922      1.00000
FS1   -163.69950    142.54500     -0.45313      1.00000
FS1   -157.60950    142.36500     -0.39700      1.00000
FS1   -156.03450    142.35000     -0.41027      1.00000
FS1   -141.87450    141.96000     -0.29660      1.00000
FS1   -148.86450    141.57000     -0.33796      1.00000
FS1   -162.09450    140.94000     -0.41310      1.00000
FS1   -140.86950    140.86500     -0.23287      1.00000
FS1   -163.62450    140.74500     -0.44881      1.00000
FS1   -148.62450    140.19000     -0.29424      1.00000
FS1   -152.04450    157.32000     -0.35050      1.00000
FS1   -142.74450    139.89000     -0.25185      1.00000
FS1   -154.51950    157.08000     -0.37723      1.00000
FS1   -161.38950    139.56000     -0.46351      1.00000
FS1   -144.70950    138.78000     -0.25887      1.00000
FS1   -139.83450    138.15000     -0.28000      1.00000
FS1   -163.84950    137.29500     -0.39332      1.00000
FS1   -163.11450    136.83000     -0.43504      1.00000
FS1   -146.22450    136.84500     -0.41641      1.00000
FS1   -147.58950    136.81500     -0.28922      1.00000
FS1   -155.43450    136.02000     -0.38821      1.00000
FS1   -165.85950    135.06000     -0.46306      1.00000
FS1   -155.49450    134.77500     -0.37600      1.00000
FS1   -160.66950    134.46000     -0.44614      1.00000
FS1   -162.36450    134.32500     -0.44037      1.00000
FS1   -155.40450    132.73500     -0.38960      1.00000
FS1   -151.23450    132.60000     -0.32481      1.00000
FS1   -143.88450    132.37500     -0.27730      1.00000
FS1   -146.19450    132.36000     -0.29742      1.00000
FS1   -154.12950    132.21000     -0.36461      1.00000
FS1   -157.27950    132.21000     -0.40492      1.00000
FS1   -164.85450    131.86500     -0.54622      1.00000
FS1   -149.98950    131.14500     -0.30538      1.00000
FS1   -160.51950    130.77000     -0.40363      1.00000
FS1   -153.79950    130.45500     -0.47655      1.00000
FS1   -144.81450    130.30500     -0.22840      1.00000
FS1   -155.52450    129.90000     -0.41210      1.00000
FS1   -160.56450    155.68500     -0.55884      1.00000
FS1   -152.77950    154.41000     -0.51778      1.00000
FS1   -161.77950    154.33500     -0.55016      1.00000
FS1   -146.10450    153.81000     -0.47270      1.00000
FS1   -156.34950    153.60000     -0.51669      1.00000
FS1   -152.19450    153.58500      0.02430      1.00000
FS1   -149.43450    152.94000     -0.46926      1.00000
FS1   -140.74950    152.86500     -0.45312      1.00000
FS1   -159.09450    152.82000     -0.53720      1.00000
FS1   -148.20450    152.44500     -0.47985      1.00000
FS1   -143.95950    152.31000     -0.46146      1.00000
FS1   -142.24950    151.66500     -0.45938      1.00000
FS1   -139.41450    151.36500     -0.39797      1.00000
FS1   -143.67450    150.79500     -0.43774      1.00000
FS1   -155.89950    150.24000     -0.52562      1.00000
FS1   -163.50450    150.09000     -0.59078      1.00000
FS1   -138.27450    148.65000     -0.37354      1.00000
FS1   -142.09950    148.35000     -0.42508      1.00000
FS1   -140.55450    147.99000     -0.38051      1.00000
FS1   -152.64450    147.42000     -0.49676      1.00000
FS1   -139.14450    146.53500     -0.45807      1.00000
FS1   -145.96950    146.26500     -0.45368      1.00000
FS1   -164.08950    145.77000     -0.56209      1.00000
FS1   -159.73950    145.41000     -0.54689      1.00000
FS1   -164.86950    145.09500     -0.47601      1.00000
FS1   -149.43450    145.00500     -0.46556      1.00000
FS1   -143.34450    144.82500     -0.41380      1.00000
FS1   -141.76950    144.81000     -0.40628      1.00000
FS1   -156.15450    144.88500     -0.51838      1.00000
FS1   -153.73950    144.40500     -0.50791      1.00000
FS1   -156.52950    143.85000     -0.50697      1.00000
FS1   -147.82950    143.41500     -0.43677      1.00000
FS1   -149.35950    143.20500     -0.47125      1.00000
FS1   -153.16950    142.36500     -0.48408      1.00000
FS1   -147.12450    142.02000     -0.46132      1.00000
FS1   -165.79950    141.69000     -0.59701      1.00000
FS1   -138.00450    141.48000     -0.38751      1.00000
FS1   -159.04950    140.91000     -0.56592      1.00000
FS1   -157.96950    139.62000     -0.55318      1.00000
FS1   -149.58450    139.75500     -0.49093      1.00000
FS1   -154.81950    139.77000     -0.47450      1.00000
FS1   -148.84950    139.29000     -0.45316      1.00000
FS1   -165.46950    138.94500     -0.65393      1.00000
FS1   -156.72450    138.78000     -0.52418      1.00000
FS1   -155.82450    138.58500     -0.51581      1.00000
FS1   -141.16950    138.48000     -0.36339      1.00000
FS1   -161.23950    138.21000     -0.56627      1.00000
FS1   -141.22950    137.23500     -0.39079      1.00000
FS1   -158.40450    137.17500     -0.58686      1.00000
FS1   -153.31950    157.44000     -0.48946      1.00000
FS1   -141.97950    156.82500     -0.40466      1.00000
FS1   -159.85950    136.20000     -0.55686      1.00000
FS1   -144.91950    156.40500     -0.45466      1.00000
FS1   -158.05950    136.15500     -0.60253      1.00000
FS1   -166.32450    135.70500     -0.62680      1.00000
FS1   -141.13950    135.21000     -0.38203      1.00000
FS1   -144.96450    134.92500     -0.40364      1.00000
FS1   -152.70450    134.68500     -0.49939      1.00000
FS1   -139.86450    134.67000     -0.39217      1.00000
FS1   -142.99950    134.67000     -0.40984      1.00000
FS1   -158.76450    156.28500     -0.56050      1.00000
FS1   -157.90950    134.11500     -0.52440      1.00000
FS1   -158.95950    133.75500     -0.64584      1.00000
FS1   -146.25450    133.23000     -0.41950      1.00000
FS1   -139.53450    132.91500     -0.36401      1.00000
FS1   -161.25450    132.36000     -0.54241      1.00000
FS1   -141.25950    132.33000     -0.39204      1.00000
FS1   -158.23950    132.13500     -0.50610      1.00000
FS1   -148.35450    131.37000     -0.46124      1.00000
FS1   -165.16950    130.96500     -0.59728      1.00000
FS1   -154.57950    129.93000     -0.48461      1.00000
FS1   -159.00450    157.44000     -0.78609      1.00000
FS1   -157.92450    156.13500     -0.74552      1.00000
FS1   -149.53950    156.27000     -0.69379      1.00000
FS1   -154.77450    156.28500     -0.70219      1.00000
FS1   -148.80450    155.80500     -0.69276      1.00000
FS1   -156.66450    155.29500     -0.78145      1.00000
FS1   -155.77950    155.10000     -0.74282      1.00000
FS1   -141.12450    155.01000     -0.62691      1.00000
FS1   -151.56450    154.05000     -0.71975      1.00000
FS1   -141.18450    153.75000     -0.62712      1.00000
FS1   -158.37450    153.69000     -0.74569      1.00000
FS1   -153.18450    153.70500     -0.75616      1.00000
FS1   -146.37450    153.45000     -0.70166      1.00000
FS1   -148.06950    153.30000     -0.70887      1.00000
FS1   -159.81450    152.71500     -0.79861      1.00000
FS1   -158.01450    152.68500     -0.78821      1.00000
FS1   -141.10950    151.72500     -0.62572      1.00000
FS1   -144.93450    151.44000     -0.65697      1.00000
FS1   -152.65950    151.20000     -0.68193      1.00000
FS1   -139.83450    151.18500     -0.59988      1.00000
FS1   -142.98450    151.18500     -0.67596      1.00000
FS1   -150.55950    150.82500     -0.70471      1.00000
FS1   -157.86450    150.64500     -0.73950      1.00000
FS1   -158.91450    150.27000     -0.89739      1.00000
FS1   -146.20950    149.74500     -0.66025      1.00000
FS1   -139.50450    149.44500     -0.57574      1.00000
FS1   -161.22450    148.87500     -0.76393      1.00000
FS1   -141.22950    148.86000     -0.61767      1.00000
FS1   -158.19450    148.66500     -0.76665      1.00000
FS1   -148.32450    147.88500     -0.68861      1.00000
FS1   -165.13950    147.49500     -0.76574      1.00000
FS1   -154.54950    146.43000     -0.73736      1.00000
FS1   -139.99950    145.93500     -0.54413      1.00000
FS1   -164.79450    143.52000     -0.79100      1.00000
FS1   -150.10950    142.92000     -0.73239      1.00000
FS1   -157.57950    142.90500     -0.76178      1.00000
FS1   -139.51950    142.57500     -0.58036      1.00000
FS1   -144.73950    142.17000     -0.58411      1.00000
FS1   -156.31950    142.09500     -0.74722      1.00000
FS1   -162.33450    142.00500     -0.77767      1.00000
FS1   -157.68450    140.47500     -0.76803      1.00000
FS1   -146.05950    139.92000     -0.66996      1.00000
FS1   -148.78950    139.74000     -0.66514      1.00000
FS1   -166.29450    139.15500     -0.80193      1.00000
FS1   -156.30450    138.84000     -0.75805      1.00000
FS1   -163.30950    138.63000     -0.79517      1.00000
FS1   -137.95950    157.98000     -0.64433      1.00000
FS1   -150.93450    136.59000     -0.68570      1.00000
FS1   -154.75950    136.50000     -0.76352      1.00000
FS1   -143.85450    136.48500     -0.62682      1.00000
FS1   -158.38950    136.47000     -0.79277      1.00000
FS1   -148.66950    136.35000     -0.65505      1.00000
FS1   -140.28450    136.14000     -0.59202      1.00000
FS1   -138.84450    133.53000     -0.54479      1.00000
FS1   -153.06450    133.06500     -0.70977      1.00000
FS1   -159.82950    133.00500     -0.73876      1.00000
FS1   -143.95950    132.82500     -0.62252      1.00000
FS1   -156.01950    132.25500     -0.67398      1.00000
FS1   -144.12450    131.80500     -0.61164      1.00000
FS1   -160.35450    131.47500     -0.78633      1.00000
FS1   -145.99950    130.66500     -0.61036      1.00000
FS2   -184.03050    123.60500     -0.01508      1.00000
FS2   -180.73050    123.30500     -0.02032      1.00000
FS2   -188.15550    120.90500     -0.01905      1.00000
FS2   -175.66050    120.69500     -0.00256      1.00000
FS2   -174.10050    120.26000     -0.00413      1.00000
FS2   -188.24550    119.61500     -0.02013      1.00000
FS2   -187.79550    118.65500     -0.03248      1.00000
FS2   -178.82550    117.50000     -0.03210      1.00000
FS2   -190.72050    117.33500     -0.04226      1.00000
FS2   -184.48050    115.34000     -0.00050      1.00000
FS2   -182.23050    113.76500     -0.03800      1.00000
FS2   -174.31050    113.37500     -0.01983      1.00000
FS2   -191.77050    113.30000     -0.07500      1.00000
FS2   -188.72550    113.25500     -0.02213      1.00000
FS2   -172.82550    113.66000     -0.00026      1.00000
FS2   -194.69550    112.35500     -0.08953      1.00000
FS2   -193.01550    109.95500     -0.08601      1.00000
FS2   -172.13550    108.47000     -0.02579      1.00000
FS2   -181.97550    108.38000     -0.06941      1.00000
FS2   -174.14550    107.73500     -0.06828      1.00000
FS2   -172.42050    107.33000     -0.06879      1.00000
FS2   -197.59050    107.13500     -0.07939      1.00000
FS2   -190.91550    106.71500     -0.02224      1.00000
FS2   -189.89550    106.49000     -0.10721      1.00000
FS2   -171.80550    105.89000      0.02067      1.00000
FS2   -192.14550    105.12500     -0.13284      1.00000
FS2   -192.92550    102.66500     -0.06874      1.00000
FS2   -196.21050    102.35000     -0.13675      1.00000
FS2   -181.03050    102.24500     -0.07078      1.00000
FS2   -183.83550    101.34500      0.01288      1.00000
FS2   -194.00550    101.12000     -0.05160      1.00000
FS2   -194.84550    100.73000     -0.09915      1.00000
FS2   -172.13550    100.28000     -0.09811      1.00000
FS2   -174.65550    100.16000     -0.08910      1.00000
FS2   -192.40050     99.26000     -0.15581      1.00000
FS2   -173.18550     98.51000     -0.09833      1.00000
FS2   -175.60050     98.43500     -0.17007      1.00000
FS2   -184.60050     97.73000     -0.12832      1.00000
FS2   -172.12050    123.96500     -0.35248      1.00000
FS2   -176.87550    123.08000     -0.36478      1.00000
FS2   -183.04050    121.83500     -0.39471      1.00000
FS2   -172.21050    121.55000     -0.35516      1.00000
FS2   -189.20550    120.78500     -0.39676      1.00000
FS2   -180.85050    120.20000     -0.37958      1.00000
FS2   -177.83550    119.67500     -0.37729      1.00000
FS2   -190.21050    119.37500     -0.34886      1.00000
FS2   -178.36050    117.56000     -0.42138      1.00000
FS2   -192.17550    117.26000     -0.41746      1.00000
FS2   -189.92550    117.17000     -0.41476      1.00000
FS2   -190.64550    116.78000     -0.45718      1.00000
FS2   -172.55550    116.57000     -0.39563      1.00000
FS2   -185.15550    116.36000     -0.33522      1.00000
FS2   -182.36550    114.89000     -0.40178      1.00000
FS2   -188.03550    114.51500     -0.41126      1.00000
FS2   -174.34050    114.06500     -0.25698      1.00000
FS2   -192.02550    113.37500     -0.44406      1.00000
FS2   -174.86550    112.52000     -0.34883      1.00000
FS2   -192.16050    112.04000     -0.45675      1.00000
FS2   -194.00550    111.56000     -0.46001      1.00000
FS2   -182.21550    110.97500     -0.42966      1.00000
FS2   -179.33550    124.56500     -0.45910      1.00000
FS2   -192.83550    110.06000     -0.43756      1.00000
FS2   -173.78550    109.76000     -0.44042      1.00000
FS2   -175.64550    109.37000     -0.43607      1.00000
FS2   -179.23050    109.32500     -0.44866      1.00000
FS2   -173.08050    108.68000     -0.46961      1.00000
FS2   -187.00050    108.62000     -0.43611      1.00000
FS2   -188.11050    108.38000     -0.46934      1.00000
FS2   -195.35550    108.18500     -0.58653      1.00000
FS2   -173.72550    107.91500     -0.42291      1.00000
FS2   -187.55550    107.78000     -0.46590      1.00000
FS2   -192.58050    107.73500     -0.45323      1.00000
FS2   -185.95050    107.58500     -0.45842      1.00000
FS2   -190.94550    107.06000     -0.49384      1.00000
FS2   -197.50050    106.31000     -0.48308      1.00000
FS2   -189.43050    106.22000     -0.49014      1.00000
FS2   -173.00550    106.11500     -0.26689      1.00000
FS2   -192.34050    105.36500     -0.52668      1.00000
FS2   -184.04550    105.21500     -0.49332      1.00000
FS2   -175.33050    105.20000     -0.53760      1.00000
FS2   -197.15550    104.91500     -0.49770      1.00000
FS2   -180.73050    104.91500     -0.52631      1.00000
FS2   -188.81550    104.51000     -0.53640      1.00000
FS2   -198.23550    103.83500     -0.53228      1.00000
FS2   -199.07550    103.76000     -0.46334      1.00000
FS2   -199.40550    102.45500     -0.50965      1.00000
FS2   -188.15550    102.51500     -0.55009      1.00000
FS2   -195.29550    102.62000     -0.54152      1.00000
FS2   -175.66050    102.30500     -0.45843      1.00000
FS2   -178.03050    102.08000     -0.48314      1.00000
FS2   -174.08550    101.88500     -0.52511      1.00000
FS2   -188.24550    101.22500     -0.50376      1.00000
FS2   -187.79550    100.26500     -0.54739      1.00000
FS2   -193.85550     99.56000     -0.53458      1.00000
FS2   -192.28050     99.59000     -0.45202      1.00000
FS2   -178.81050     99.11000     -0.50212      1.00000
FS2   -190.72050     98.93000     -0.53744      1.00000
FS2   -183.95550    124.77500     -0.53110      1.00000
FS2   -186.43050    124.19000     -0.57278      1.00000
FS2   -174.94050    123.27500     -0.57052      1.00000
FS2   -175.93050    121.85000     -0.57258      1.00000
FS2   -188.71050    120.86000     -0.56678      1.00000
FS2   -177.89550    119.73500     -0.58680      1.00000
FS2   -175.63050    119.66000     -0.56447      1.00000
FS2   -180.23550    119.25500     -0.54890      1.00000
FS2   -176.38050    119.25500     -0.53925      1.00000
FS2   -191.60550    118.31000     -0.61318      1.00000
FS2   -184.15050    118.37000     -0.58620      1.00000
FS2   -185.08050    118.23500     -0.59181      1.00000
FS2   -188.74050    117.11000     -0.61413      1.00000
FS2   -173.75550    116.99000     -0.56932      1.00000
FS2   -182.50050    115.97000     -0.12827      1.00000
FS2   -190.03050    115.86500     -0.68961      1.00000
FS2   -177.77550    115.85000     -0.59742      1.00000
FS2   -185.32050    115.77500     -0.59962      1.00000
FS2   -177.86550    114.53000     -0.61947      1.00000
FS2   -179.72550    114.03500     -0.61170      1.00000
FS2   -194.62050    112.91000     -0.64204      1.00000
FS2   -178.57050    112.55000     -0.52472      1.00000
FS2   -172.72050    111.11000     -0.56031      1.00000
FS2   -173.81550    110.85500     -0.56211      1.00000
FS2   -181.07550    110.67500     -0.76821      1.00000
FS2   -187.15050    110.49500     -0.66285      1.00000
FS2   -173.27550    110.25500     -0.58813      1.00000
FS2   -178.30050    110.22500     -0.62279      1.00000
FS2   -171.67050    110.06000     -0.61144      1.00000
FS2   -176.66550    109.55000     -0.63119      1.00000
FS2   -192.46050    108.93500     -0.71153      1.00000
FS2   -183.22050    108.80000     -0.66938      1.00000
FS2   -175.15050    108.69500     -0.61109      1.00000
FS2   -178.06050    107.85500     -0.65542      1.00000
FS2   -197.51550    108.15500     -0.43641      1.00000
FS2   -191.62050    108.00500     -0.69270      1.00000
FS2   -182.87550    107.40500     -0.68560      1.00000
FS2   -192.53550    107.40500     -0.72266      1.00000
FS2   -174.53550    106.98500     -0.58886      1.00000
FS2   -191.36550    106.94000     -0.73258      1.00000
FS2   -183.95550    106.31000     -0.68560      1.00000
FS2   -193.52550    106.17500     -0.63495      1.00000
FS2   -175.33050    124.86500     -0.61093      1.00000
FS2   -195.07050    105.33500     -0.81413      1.00000
FS2   -181.01550    105.09500     -0.68709      1.00000
FS2   -185.11050    104.93000     -0.70673      1.00000
FS2   -173.86050    105.00500     -0.64327      1.00000
FS2   -196.54050    104.79500     -0.70011      1.00000
FS2   -190.25550    104.75000     -0.71830      1.00000
FS2   -198.17550    104.28500     -0.72102      1.00000
FS2   -188.29050    104.06000     -0.72310      1.00000
FS2   -187.58550    103.80500     -0.67126      1.00000
FS2   -173.96550    103.70000     -0.64940      1.00000
FS2   -173.51550    102.74000     -0.65684      1.00000
FS2   -196.34550    102.36500     -0.62401      1.00000
FS2   -179.57550    102.05000     -0.69532      1.00000
FS2   -178.01550    102.08000     -0.61823      1.00000
FS2   -198.31050    101.97500     -0.71762      1.00000
FS2   -194.93550    101.97500     -0.69319      1.00000
FS2   -190.58550    101.88500     -0.72755      1.00000
FS2   -188.00550    101.61500     -0.76006      1.00000
FS2   -176.42550    101.42000     -0.68214      1.00000
FS2   -199.72050    101.01500     -0.77989      1.00000
FS2   -187.61550    100.73000     -0.70211      1.00000
FS2   -181.85550    100.31000     -0.79666      1.00000
FS2   -196.79550    100.22000     -0.78428      1.00000
FS2   -186.29550    100.11500     -0.84978      1.00000
FS2   -194.81550     99.51500     -0.75958      1.00000
FS2   -185.98050     99.12500     -0.64644      1.00000
FS2   -182.06550     99.03500     -0.67774      1.00000
FS2   -176.65050    126.09500     -0.72050      1.00000
FS2   -182.87550    123.96500     -0.74912      1.00000
FS2   -183.95550    122.87000     -0.76094      1.00000
FS2   -184.78050    122.79500     -0.76403      1.00000
FS2   -181.01550    121.65500     -0.76761      1.00000
FS2   -185.11050    121.49000     -0.76435      1.00000
FS2   -173.87550    121.55000     -0.81969      1.00000
FS2   -187.57050    120.36500     -0.72129      1.00000
FS2   -173.96550    120.24500     -0.76249      1.00000
FS2   -173.51550    119.28500     -0.75980      1.00000
FS2   -179.57550    118.59500     -0.77723      1.00000
FS2   -178.00050    118.62500     -0.81066      1.00000
FS2   -190.55550    118.44500     -0.92196      1.00000
FS2   -188.00550    118.16000     -0.80760      1.00000
FS2   -176.44050    117.96500     -0.77382      1.00000
FS2   -187.61550    117.29000     -0.80662      1.00000
FS2   -181.88550    116.81000     -0.77267      1.00000
FS2   -186.29550    116.66000     -0.81321      1.00000
FS2   -185.98050    115.67000     -0.70851      1.00000
FS2   -182.06550    115.58000     -0.82967      1.00000
FS2   -177.49050    113.94500     -0.82805      1.00000
FS2   -175.30050    113.85500     -0.77250      1.00000
FS2   -187.64550    113.61500     -0.80897      1.00000
FS2   -190.52550    113.13500     -0.84968      1.00000
FS2   -193.16550    112.97000     -0.88170      1.00000
FS2   -180.41550    113.00000     -0.79808      1.00000
FS2   -183.22050    125.34500     -0.74084      1.00000
FS2   -175.15050    125.24000     -0.73115      1.00000
FS2   -178.73550    110.58500     -0.84381      1.00000
FS2   -192.82050    110.42000     -0.92540      1.00000
FS2   -184.93050    109.85000     -0.84188      1.00000
FS2   -194.87550    108.23000     -1.13608      1.00000
FS2   -182.15550    108.26000     -0.87550      1.00000
FS2   -178.63050    108.18500     -0.87305      1.00000
FS2   -176.62050    107.34500     -0.76569      1.00000
FS2   -175.61550    107.10500     -0.82712      1.00000
FS2   -186.19050    106.95500     -0.92261      1.00000
FS2   -193.27050    106.89500     -0.84365      1.00000
FS2   -186.17550    124.82000     -0.96397      1.00000
FS2   -188.48550    106.29500     -0.87831      1.00000
FS2   -195.19050    106.32500     -0.90564      1.00000
FS2   -197.42550    105.86000     -0.92446      1.00000
FS2   -177.86550    105.74000     -0.86272      1.00000
FS2   -181.54050    105.62000     -0.80183      1.00000
FS2   -178.04550    124.40000     -0.76466      1.00000
FS2   -187.61550    104.36000     -0.93324      1.00000
FS2   -178.64550    103.23500     -0.84566      1.00000
FS2   -181.91550    102.98000     -0.89471      1.00000
FS2   -196.33050    103.01000     -0.91542      1.00000
FS2   -180.55050    101.37500     -0.88375      1.00000
FS2   -185.15550    101.31500     -0.93279      1.00000
FS2   -199.07550    100.55000     -0.99862      1.00000
FS2   -190.52550    100.49000     -0.99278      1.00000
FS2   -178.10550     99.89000     -0.88501      1.00000
FS2   -179.72550    101.75000     -0.87470      1.00000
FS2   -186.53550     98.99000     -0.89709      1.00000
FS2   -194.71050     98.58500     -0.97624      1.00000
FS2   -179.00550     98.69000     -1.00799      1.00000
FS2   -172.01550     98.52500     -0.95767      1.00000
FS2   -198.47550     97.71500     -1.01049      1.00000
FS3   -209.10150     30.35000     -0.43602      1.00000
FS3   -218.40150     23.07500     -0.45937      1.00000
FS3   -213.45150     21.54500     -0.42849      1.00000
FS3   -209.67150     19.55000     -0.44755      1.00000
FS3   -211.36650     18.86000     -0.47933      1.00000
FS3   -210.37650     15.08000     -0.44191      1.00000
FS3   -210.99150     12.41000     -0.43150      1.00000
FS3   -212.62650     11.96000     -0.47355      1.00000
FS3   -219.60150     30.06500     -0.44445      1.00000
FS3   -208.98150     10.71500     -0.42944      1.00000
FS3   -220.53150      9.33500     -0.52016      1.00000
FS3   -206.32650     28.01000     -0.41729      1.00000
FS3   -211.71150     28.10000     -0.50697      1.00000
FS3   -216.85650      7.22000     -0.52865      1.00000
FS3   -222.79650      6.95000     -0.38872      1.00000
FS3   -219.69150      5.36000     -0.51711      1.00000
FS3   -212.26650      4.58000     -0.46322      1.00000
FS3   -220.72650      3.53000     -0.47732      1.00000
FS3   -211.99650      3.03500     -0.37027      1.00000
FS3   -208.36650     29.60000     -0.90384      1.00000
FS3   -206.50650     29.36000     -0.89590      1.00000
FS3   -215.46150     28.83500     -0.87749      1.00000
FS3   -220.98150     28.35500     -0.85038      1.00000
FS3   -219.48150     28.05500     -0.74668      1.00000
FS3   -221.55150     26.64500     -0.83960      1.00000
FS3   -213.63150     25.43000     -1.10394      1.00000
FS3   -221.64150     25.14500     -0.86051      1.00000
FS3   -215.10150     23.97500     -0.93772      1.00000
FS3   -218.46150     23.15000     -0.94295      1.00000
FS3   -211.99650     22.62500     -0.89175      1.00000
FS3   -205.89150     22.43000     -0.83180      1.00000
FS3   -220.30650     22.35500     -0.96227      1.00000
FS3   -212.89650     21.36500     -0.92346      1.00000
FS3   -208.51650     21.17000     -0.89814      1.00000
FS3   -217.39650     21.02000     -0.93676      1.00000
FS3   -214.71150     20.57000     -0.91301      1.00000
FS3   -218.10150     19.61000     -0.94945      1.00000
FS3   -210.57150     19.61000     -0.87797      1.00000
FS3   -212.86650     19.50500     -0.93090      1.00000
FS3   -221.95650     19.47500     -0.86937      1.00000
FS3   -211.98150     19.13000     -0.90823      1.00000
FS3   -223.17150     18.54500     -0.82094      1.00000
FS3   -219.12150     17.42000     -0.97144      1.00000
FS3   -223.68150     17.09000     -0.86857      1.00000
FS3   -210.60150     15.98000     -0.94700      1.00000
FS3   -220.39650     15.54500     -0.96539      1.00000
FS3   -219.28650     15.27500     -0.96388      1.00000
FS3   -209.98650     13.77500     -0.91757      1.00000
FS3   -211.59150     29.75000     -0.96146      1.00000
FS3   -210.73650     12.81500     -0.80761      1.00000
FS3   -206.50650     12.53000     -0.91577      1.00000
FS3   -223.71150     10.64000     -0.92523      1.00000
FS3   -213.73650     10.44500     -0.96978      1.00000
FS3   -206.28150      9.62000     -0.90854      1.00000
FS3   -211.66650      9.72500     -0.91745      1.00000
FS3   -221.74650      5.45000     -0.98067      1.00000
FS3   -218.35650      4.67000     -0.97038      1.00000
FS3   -213.39150      3.15500     -0.97017      1.00000
FS3   -224.40150      2.57000     -0.95059      1.00000
FS3   -211.36650      2.57000     -0.81004      1.00000
FS3   -209.88150      2.16500     -0.89494      1.00000
FS3   -212.20650     28.41500     -1.09790      1.00000
FS3   -216.72150     28.20500     -1.20421      1.00000
FS3   -207.37650     27.62000     -1.14533      1.00000
FS3   -223.66650     27.30500     -1.01021      1.00000
FS3   -222.28650     26.75000     -1.12137      1.00000
FS3   -213.87150     26.48000     -1.13177      1.00000
FS3   -214.32150     25.17500     -1.17111      1.00000
FS3   -206.04150     24.83000     -1.10415      1.00000
FS3   -208.30650     22.67000     -1.41500      1.00000
FS3   -207.69150     21.95000     -1.12701      1.00000
FS3   -208.90650     21.02000     -1.13052      1.00000
FS3   -209.41650     19.58000     -1.10976      1.00000
FS3   -212.35650     19.05500     -1.15952      1.00000
FS3   -216.45150     19.13000     -1.24786      1.00000
FS3   -215.02650     30.42500     -1.19562      1.00000
FS3   -214.95150     18.51500     -1.23122      1.00000
FS3   -206.13150     18.02000     -1.18469      1.00000
FS3   -211.42650     15.66500     -1.10597      1.00000
FS3   -215.34150     15.45500     -1.21211      1.00000
FS3   -219.15150     15.20000     -1.28295      1.00000
FS3   -224.91150     15.20000     -0.98115      1.00000
FS3   -213.64650     14.36000     -1.23304      1.00000
FS3   -214.81650     14.31500     -1.15866      1.00000
FS3   -213.57150     30.17000     -1.13600      1.00000
FS3   -205.30650     14.15000     -1.18458      1.00000
FS3   -223.06650     29.93000     -1.10068      1.00000
FS3   -220.71150     29.21000     -1.13779      1.00000
FS3   -209.44650     13.11500     -1.13935      1.00000
FS3   -212.43150      9.21500     -1.20802      1.00000
FS3   -224.08650      8.93000     -1.15331      1.00000
FS3   -222.13650      8.78000     -1.26515      1.00000
FS3   -214.00650      8.09000     -1.23466      1.00000
FS3   -213.22650      7.38500     -1.21777      1.00000
FS3   -221.49150      7.22000     -1.17777      1.00000
FS3   -211.71150      6.27500     -1.17566      1.00000
FS3   -207.28650     29.10500     -1.12290      1.00000
FS3   -215.34150      5.85500     -1.24038      1.00000
FS3   -210.13650      5.04500     -1.19880      1.00000
FS3   -218.01150      4.85000     -1.31051      1.00000
FS3   -215.22150      4.62500     -1.26486      1.00000
FS3   -208.77150      4.01000     -1.18661      1.00000
FS3   -217.99650      3.62000     -1.29516      1.00000
FS3   -218.47650      2.57000     -1.30784      1.00000
FS3   -212.46150     25.77500     -1.35203      1.00000
FS3   -224.11650     25.50500     -1.18995      1.00000
FS3   -214.08150     24.63500     -1.42910      1.00000
FS3   -213.25650     23.93000     -1.34403      1.00000
FS3   -221.52150     23.78000     -1.34318      1.00000
FS3   -211.74150     22.82000     -1.33754      1.00000
FS3   -215.37150     22.41500     -1.43002      1.00000
FS3   -218.05650     21.41000     -1.40951      1.00000
FS3   -215.25150     21.18500     -1.37794      1.00000
FS3   -208.81650     20.57000     -1.36265      1.00000
FS3   -218.02650     20.16500     -1.42157      1.00000
FS3   -218.50650     19.13000     -1.44644      1.00000
FS3   -223.09650     17.00000     -1.38872      1.00000
FS3   -212.58150     16.44500     -1.37724      1.00000
FS3   -224.20650     16.32500     -1.33863      1.00000
FS3   -207.94650     16.38500     -1.32489      1.00000
FS3   -215.43150     15.69500     -1.41260      1.00000
FS3   -222.40650     15.54500     -1.37182      1.00000
FS3   -223.98150     15.06500     -1.26219      1.00000
FS3   -211.72650     14.19500     -1.38714      1.00000
FS3   -208.60650     13.92500     -1.34897      1.00000
FS3   -219.31650     13.76000     -1.42258      1.00000
FS3   -220.30650     13.35500     -1.40931      1.00000
FS3   -216.58650     12.60500     -1.44387      1.00000
FS3   -219.46650     12.36500     -1.48969      1.00000
FS3   -207.42150     12.21500     -1.26601      1.00000
FS3   -224.02650     12.02000     -1.34852      1.00000
FS3   -213.22650     11.46500     -1.38302      1.00000
FS3   -221.95650     11.34500     -1.36996      1.00000
FS3   -212.50650     11.27000     -1.37769      1.00000
FS3   -222.99150     11.19500     -1.36533      1.00000
FS3   -220.77150     11.09000     -1.44061      1.00000
FS3   -210.21150     10.64000     -1.16537      1.00000
FS3   -223.44150     10.46000     -1.45651      1.00000
FS3   -224.61150     10.08500     -1.39163      1.00000
FS3   -206.26650      9.95000     -1.34252      1.00000
FS3   -209.47650     29.67500     -1.28840      1.00000
FS3   -224.71650      9.03500     -1.36798      1.00000
FS3   -222.64650      8.15000     -1.40149      1.00000
FS3   -208.51650      7.56500     -1.28645      1.00000
FS3   -221.83650      7.17500     -1.43832      1.00000
FS3   -218.49150      6.57500     -1.45140      1.00000
FS3   -220.14150      6.30500     -1.44755      1.00000
FS3   -207.79650      5.49500     -1.37978      1.00000
FS3   -218.05650      4.14500     -1.40606      1.00000
FS3   -206.44650      4.16000     -1.28703      1.00000
FS3   -224.44650      3.24500     -1.36914      1.00000
FS3   -223.65150      2.93000     -1.43087      1.00000
FS3   -221.62650      2.67500     -1.39080      1.00000
FS3   -212.13150      1.85000     -1.40082      1.00000
FS4   -208.87650     -5.93000     -0.49012      1.00000
FS4   -212.49150     -6.57500     -0.47421      1.00000
FS4   -217.99650     -7.59500     -0.43648      1.00000
FS4   -206.14650    -11.30000     -0.47787      1.00000
FS4   -221.92650    -11.45000     -0.41080      1.00000
FS4   -218.28150    -12.35000     -0.44488      1.00000
FS4   -210.51150    -13.55000     -0.45313      1.00000
FS4   -215.67150    -17.81000     -0.43656      1.00000
FS4   -205.68150    -17.94500     -0.45710      1.00000
FS4   -206.73150    -18.69500     -0.47603      1.00000
FS4   -220.90650    -18.96500     -0.38555      1.00000
FS4   -216.07650    -19.89500     -0.42744      1.00000
FS4   -214.95150    -22.14500     -0.45263      1.00000
FS4   -213.10650    -22.56500     -0.44362      1.00000
FS4   -221.38650    -24.05000     -0.34574      1.00000
FS4   -207.42150    -24.62000     -0.46451      1.00000
FS4   -215.94150    -25.73000     -0.40836      1.00000
FS4   -211.53150    -26.91500     -0.44070      1.00000
FS4   -209.49150    -27.71000     -0.44457      1.00000
FS4   -210.06150    -28.13000     -0.41268      1.00000
FS4   -222.46650    -28.44500     -0.35811      1.00000
FS4   -210.66150    -29.00000     -0.40853      1.00000
FS4   -207.85650    -29.63000     -0.46130      1.00000
FS4   -218.22150    -30.75500     -0.86682      1.00000
FS4   -207.61650    -30.92000     -0.88623      1.00000
FS4   -218.94150     -6.35000     -0.87875      1.00000
FS4   -221.73150     -6.44000     -0.83870      1.00000
FS4   -215.62650     -6.66500     -0.79641      1.00000
FS4   -209.05650     -7.32500     -0.90712      1.00000
FS4   -224.55150     -8.03000     -0.82096      1.00000
FS4   -210.22650     -8.33000     -0.84783      1.00000
FS4   -220.62150     -8.70500     -0.89554      1.00000
FS4   -214.27650     -8.79500     -0.88614      1.00000
FS4   -215.08650     -9.75500     -0.92810      1.00000
FS4   -221.35650     -9.72500     -0.87616      1.00000
FS4   -213.04650    -10.14500     -0.80374      1.00000
FS4   -206.52150    -10.82000     -0.96436      1.00000
FS4   -216.94650    -10.82000     -0.93588      1.00000
FS4   -222.88650    -11.09000     -0.75975      1.00000
FS4   -217.26150     -2.55500     -0.90575      1.00000
FS4   -213.93150    -12.08000     -0.93264      1.00000
FS4   -219.78150    -12.68000     -1.02546      1.00000
FS4   -212.34150    -13.46000     -0.94178      1.00000
FS4   -214.87650    -13.83500     -1.02249      1.00000
FS4   -210.43650     -3.00500     -0.94416      1.00000
FS4   -212.05650    -14.99000     -0.95877      1.00000
FS4   -213.42150    -15.72500     -1.00478      1.00000
FS4   -213.64650    -16.83500     -1.00787      1.00000
FS4   -208.42650    -17.76500     -1.00589      1.00000
FS4   -223.36650    -18.45500     -0.86229      1.00000
FS4   -216.18150    -18.77000     -0.90633      1.00000
FS4   -212.25150    -18.92000     -0.93577      1.00000
FS4   -206.76150    -18.80000     -0.92435      1.00000
FS4   -224.02650    -18.96500     -0.85395      1.00000
FS4   -221.47650    -20.04500     -0.84950      1.00000
FS4   -220.02150    -20.31500     -0.71654      1.00000
FS4   -207.13650    -20.28500     -0.92075      1.00000
FS4   -206.70150    -21.63500     -0.94967      1.00000
FS4   -223.06650    -20.84000     -0.88114      1.00000
FS4   -211.45650    -23.63000     -0.97475      1.00000
FS4   -223.59150    -23.79500     -0.86578      1.00000
FS4   -208.83150    -24.33500     -0.90169      1.00000
FS4   -207.88650    -24.84500     -1.06367      1.00000
FS4   -212.43150    -24.98000     -0.92704      1.00000
FS4   -216.40650    -25.26500     -0.78314      1.00000
FS4   -217.93650    -26.01500     -0.84500      1.00000
FS4   -212.01150    -27.78500     -0.99753      1.00000
FS4   -206.10150    -29.69000     -0.89401      1.00000
FS4   -221.86650    -29.87000     -0.84185      1.00000
FS4   -216.45150    -29.84000     -0.88713      1.00000
FS4   -211.35150    -30.35000     -0.87228      1.00000
FS4   -205.62150    -30.44000     -0.93754      1.00000
FS4   -222.94650     -4.74500     -0.90252      1.00000
FS4   -211.06650     -5.61500     -0.93655      1.00000
FS4   -212.70150     -6.06500     -0.94398      1.00000
FS4   -207.49650     -3.99500     -1.11772      1.00000
FS4   -224.10150     -4.17500     -1.25484      1.00000
FS4   -213.31650     -4.73000     -1.29952      1.00000
FS4   -222.06150     -4.85000     -1.20909      1.00000
FS4   -212.59650     -4.92500     -1.21549      1.00000
FS4   -223.03650     -5.03000     -1.10493      1.00000
FS4   -220.86150     -5.10500     -1.21713      1.00000
FS4   -224.26650     -5.18000     -1.25432      1.00000
FS4   -216.07650     -5.49500     -1.40956      1.00000
FS4   -210.27150     -5.54000     -1.31032      1.00000
FS4   -223.53150     -5.75000     -1.17771      1.00000
FS4   -224.71650     -6.11000     -1.23562      1.00000
FS4   -206.34150     -6.23000     -1.21624      1.00000
FS4   -216.15150     -6.87500     -1.32834      1.00000
FS4   -218.61150     -7.35500     -1.34618      1.00000
FS4   -207.06150     -7.25000     -1.26112      1.00000
FS4   -222.73650     -8.04500     -1.23264      1.00000
FS4   -224.80650     -7.17500     -1.18709      1.00000
FS4   -208.59150     -8.60000     -1.16191      1.00000
FS4   -221.91150     -9.02000     -1.20590      1.00000
FS4   -218.58150     -9.62000     -1.27529      1.00000
FS4   -215.44650     -9.83000     -1.25963      1.00000
FS4   -220.23150     -9.89000     -1.19566      1.00000
FS4   -205.48650    -10.20500     -1.30067      1.00000
FS4   -207.85650    -10.70000     -1.28863      1.00000
FS4   -206.50650    -12.02000     -1.24371      1.00000
FS4   -218.14650    -12.06500     -1.23283      1.00000
FS4   -224.55150    -12.95000     -1.23059      1.00000
FS4   -223.75650    -13.28000     -1.19356      1.00000
FS4   -212.20650    -14.37500     -1.31385      1.00000
FS4   -213.69150    -14.90000     -1.16964      1.00000
FS4   -211.33650    -15.24500     -1.30125      1.00000
FS4   -209.08650    -15.98000     -1.27128      1.00000
FS4   -223.87650    -15.74000     -1.19166      1.00000
FS4   -209.74650    -16.49000     -1.26070      1.00000
FS4   -207.19650    -17.57000     -1.28384      1.00000
FS4   -216.69150    -17.67500     -1.28936      1.00000
FS4   -222.70650    -17.67500     -1.18265      1.00000
FS4   -205.75650    -17.84000     -1.24208      1.00000
FS4   -215.31150    -18.33500     -1.34858      1.00000
FS4   -212.50650    -18.38000     -1.33349      1.00000
FS4   -211.09650    -18.32000     -1.28056      1.00000
FS4   -208.78650    -18.36500     -1.31476      1.00000
FS4   -223.08150    -18.87500     -1.21849      1.00000
FS4   -211.60650    -18.93500     -1.21942      1.00000
FS4   -220.41150     -2.85500     -1.20640      1.00000
FS4   -218.29650    -20.51000     -1.27949      1.00000
FS4   -221.83650    -20.79500     -1.20813      1.00000
FS4   -209.34150    -21.30500     -1.25930      1.00000
FS4   -214.84650    -22.05500     -1.26684      1.00000
FS4   -224.68650    -22.37000     -1.23693      1.00000
FS4   -219.12150    -22.94000     -1.24741      1.00000
FS4   -216.85650    -23.36000     -1.28182      1.00000
FS4   -213.16650    -23.79500     -1.32063      1.00000
FS4   -223.06650    -25.29500     -1.25735      1.00000
FS4   -214.98150    -25.62500     -1.27613      1.00000
FS4   -215.65650    -27.36500     -1.29304      1.00000
FS4   -207.58650    -27.39500     -1.24029      1.00000
FS4   -213.60150    -27.48500     -1.24398      1.00000
FS4   -221.34150    -27.74000     -1.19176      1.00000
FS4   -215.28150    -28.38500     -1.22588      1.00000
FS4   -216.91650    -28.71500     -1.23811      1.00000
FS4   -219.25650    -28.70000     -1.21317      1.00000
FS4   -221.31150    -28.89500     -1.14182      1.00000
FS4   -210.37650    -29.28500     -1.24014      1.00000
FS4   -222.60150    -29.40500     -1.20129      1.00000
FS4   -215.28150     -3.45500     -1.32204      1.00000
FS4   -217.74150    -30.05000     -1.26475      1.00000
FS4   -216.67650     -3.59000     -1.23089      1.00000
FS4   -221.79150    -30.38000     -1.39106      1.00000
FS4   -214.77150    -30.74000     -1.43605      1.00000
FS4   -213.21150     -7.22000     -1.51468      1.00000
FS4   -215.04150     -9.06500     -1.47243      1.00000
FS4   -205.38150     -9.47000     -1.44735      1.00000
FS4   -215.70150    -10.80500     -1.47924      1.00000
FS4   -207.63150    -10.83500     -1.46822      1.00000
FS4   -213.64650    -10.91000     -1.47178      1.00000
FS4   -221.40150    -11.16500     -1.38761      1.00000
FS4   -215.34150    -11.81000     -1.48993      1.00000
FS4   -219.31650    -12.12500     -1.46190      1.00000
FS4   -216.96150    -12.15500     -1.47371      1.00000
FS4   -210.43650    -12.72500     -1.40129      1.00000
FS4   -222.66150    -12.83000     -1.41385      1.00000
FS4   -225.34650    -13.31000     -1.44842      1.00000
FS4   -221.82150    -14.63000     -1.41759      1.00000
FS4   -224.95650    -14.96000     -1.41446      1.00000
FS4   -212.41650    -15.03500     -1.45375      1.00000
FS4   -224.34150    -16.08500     -1.36607      1.00000
FS4   -211.29150    -16.35500     -1.44017      1.00000
FS4   -218.34150     -3.93500     -1.46646      1.00000
FS4   -212.52150    -16.74500     -1.47196      1.00000
FS4   -206.94150    -17.16500     -1.44514      1.00000
FS4   -221.88150     -4.22000     -1.43467      1.00000
FS4   -206.61150    -18.33500     -1.42655      1.00000
FS4   -222.21150    -18.99500     -1.44118      1.00000
FS4   -224.38650    -19.13000     -1.35881      1.00000
FS4   -217.86150    -20.46500     -1.43484      1.00000
FS4   -219.85650    -21.17000     -1.49115      1.00000
FS4   -211.51650    -21.39500     -1.52296      1.00000
FS4   -214.65150    -23.03000     -1.47625      1.00000
FS4   -209.38650     -4.76000     -1.55417      1.00000
FS4   -207.09150    -23.42000     -1.41512      1.00000
FS4   -213.97650    -24.14000     -1.45353      1.00000
FS4   -216.60150    -24.93500     -1.42955      1.00000
FS4   -220.02150    -25.17500     -1.27707      1.00000
FS4   -220.96650    -25.52000     -1.40160      1.00000
FS4   -210.28650    -25.74500     -1.46455      1.00000
FS4   -222.10650    -26.07500     -1.40311      1.00000
FS4   -223.95150    -27.12500     -1.39591      1.00000
FS4   -217.36650    -27.26000     -1.41576      1.00000
FS4   -208.17150    -27.81500     -1.42938      1.00000
FS4   -209.02650    -29.28500     -1.42069      1.00000
FS4   -217.06650    -29.75000     -1.38554      1.00000
FS4   -220.32150    -29.93000     -1.36259      1.00000
FS4   -214.89150     -5.48000     -1.49840      1.00000
FS4   -224.74650     -5.79500     -1.43098      1.00000
FS4   -219.16650     -6.38000     -1.45862      1.00000
FS4   -216.91650     -6.78500     -1.45858      1.00000
