FN4    220.32150     -3.99500   1518.83824      1.00000
FN4    215.83650     -4.50500   1522.99434      1.00000
FN4    214.48650     -6.71000   1523.58176      1.00000
FN4    209.14650     -8.09000   1513.85157      1.00000
FN4    216.25650    -11.34500   1513.39335      1.00000
FN4    208.96650    -13.38500   1532.02282      1.00000
FN4    213.93150    -13.46000   1531.44324      1.00000
FN4    212.95650    -14.39000   1518.65451      1.00000
FN4    208.20150    -14.88500   1528.45476      1.00000
FN4    207.75150     -2.40500   1529.70163      1.00000
FN4    209.59650    -17.51000   1525.14075      1.00000
FN4    223.33650     -2.78000   1543.87097      1.00000
FN4    209.71650    -19.46000   1528.65482      1.00000
FN4    208.63650    -20.01500   1538.93751      1.00000
FN4    218.86650    -24.08000   1537.04387      1.00000
FN4    218.08650    -24.84500   1530.84902      1.00000
FN4    220.69650    -25.59500   1539.24020      1.00000
FN4    207.90150    -28.70000   1545.19515      1.00000
FN4    221.56650    -29.70500   1549.04816      1.00000
FN4    211.21650    -30.15500   1533.49484      1.00000
FN4    210.24150     -3.06500   1522.46183      1.00000
FN4    221.74650     -6.60500   1524.09322      1.00000
FN4    214.02150     -7.52000   1510.61550      1.00000
FN4    209.86650     -8.37500   1524.26520      1.00000
FN4    210.03150    -13.65500   1528.62877      1.00000
FN4    211.56150    -14.09000   1514.51369      0.99888
FN4    210.96150     -4.85000   1517.11904      1.00000
FN4    206.59650    -18.18500   1534.84784      1.00000
FN4    205.48650    -18.39500   1539.37415      1.00000
FN4    220.71150    -18.84500   1515.94883      0.60548
FN4    218.32650    -19.29500   1532.41678      1.00000
FN4    219.27150    -19.76000   1524.52120      1.00000
FN4    207.81150    -20.42000   1535.49019      1.00000
FN4    210.30150    -21.08000   1530.29775      1.00000
FN4    208.32150    -22.46000   1529.73501      1.00000
FN4    211.35150    -23.30000   1538.21441      1.00000
FN4    213.52650    -23.40500   1530.92743      1.00000
FN4    209.22150    -26.10500   1526.28540      0.95959
FN4    216.33150    -29.36000   1533.28396      1.00000
FN4    205.47150    -29.52500   1541.26410      1.00000
FN4    205.50150     -4.94000   1532.11306      1.00000
FN4    209.83650    -30.80000   1536.51258      1.00000
FN4    208.00650     -6.92000   1523.77048      1.00000
FN4    206.43150     -7.34000   1529.11120      1.00000
FN4    215.58150     -7.67000   1520.81652      1.00000
FN4    211.99650     -8.42000   1528.26114      0.74624
FN4    207.19650     -9.44000   1533.90570      0.73309
FN4    210.39150    -14.00000   1527.21042      1.00000
FN4    218.65650     -2.75000   1522.41906      1.00000
FN4    216.81150     -4.29500   1518.75349      1.00000
FN4    220.86150    -15.74000   1528.29304      1.00000
FN4    207.49650    -17.61500   1527.71392      1.00000
FN4    222.07650    -17.99000   1535.25396      0.64410
FN4    212.41650    -17.52500   1529.35750      1.00000
FN4    222.58650    -20.04500   1531.13503      1.00000
FN4    215.16150    -20.51000   1520.71250      0.71895
FN4    217.65150    -21.95000   1531.56344      1.00000
FN4    211.33650    -23.12000   1527.57858      0.82932
FN4    208.02150    -23.40500   1531.54325      1.00000
FN4    206.11650    -28.16000   1531.19426      0.95070
FN4    217.44150    -28.37000   1541.89023      1.00000
FN4    205.45650    -30.11000   1535.87742      1.00000
FN4    207.96150     -7.19000   1516.57054      1.00000
FN4    206.05650    -11.94500   1532.31823      1.00000
FN4    217.36650    -12.15500   1517.53976      1.00000
FN4    219.34650    -12.20000   1534.33940      0.74262
FN4    222.46650    -14.28500   1523.62368      1.00000
FN4    209.76150    -14.58500   1525.05353      1.00000
FN4    206.37150    -15.11000   1536.07544      1.00000
FN4    222.52650     -3.83000   1520.52271      0.85495
FN4    220.86150    -15.83000   1533.02091      1.00000
FN4    206.28150    -16.44500   1528.98668      1.00000
FN4    215.11650     -4.31000   1507.67622      0.67363
FN4    218.52150    -17.25500   1534.42302      1.00000
FN4    213.64650    -17.36000   1524.96335      1.00000
FN4    219.12150    -18.05000   1530.95175      1.00000
FN4    221.52150    -18.92000   1530.45449      1.00000
FN4    222.91650    -19.40000   1526.31865      1.00000
FN4    215.38650    -21.14000   1524.59049      1.00000
FN4    220.80150    -21.17000   1519.31513      1.00000
FN4    206.94150    -21.87500   1525.33158      1.00000
FN4    210.69150    -21.99500   1529.71046      1.00000
FN4    207.67650    -22.65500   1525.83708      1.00000
FN4    214.27650    -23.45000   1532.92812      1.00000
FN4    211.75650    -27.71000   1536.12914      1.00000
FN4    211.65150    -29.06000   1537.04748      1.00000
FN4    218.46150    -29.72000   1539.71476      1.00000
FN4    206.04150    -29.85500   1528.68127      0.92294
FN4    217.59150     -5.75000   1523.23295      1.00000
FN3    211.54650     27.50000  -1520.31740      1.00000
FN3    214.12650     26.69000  -1519.53351      1.00000
FN3    211.27650     25.91000  -1512.74686      1.00000
FN3    208.93650     21.11000  -1519.95733      1.00000
FN3    211.65150     21.06500  -1514.90538      1.00000
FN3    217.05150     20.37500  -1520.32333      1.00000
FN3    218.17650     17.93000  -1525.51310      1.00000
FN3    222.33150     17.75000  -1536.64833      1.00000
FN3    221.49150     17.42000  -1529.65565      1.00000
FN3    217.54650     29.15000  -1519.70016      1.00000
FN3    206.19150     14.82500  -1523.55206      1.00000
FN3    211.02150     12.84500  -1516.77263      1.00000
FN3    205.56150     12.77000  -1519.47055      1.00000
FN3    218.07150     28.29500  -1514.40151      1.00000
FN3    213.49650      9.42500  -1519.28067      1.00000
FN3    212.17650      8.54000  -1523.72423      1.00000
FN3    210.09150      4.04000  -1523.43423      1.00000
FN3    211.62150      3.62000  -1526.52762      1.00000
FN3    215.95650      3.42500  -1522.30074      1.00000
FN3    213.99150     30.26000  -1515.99544      1.00000
FN3    208.81650     30.18500  -1510.76208      1.00000
FN3    206.94150     27.89000  -1516.80917      1.00000
FN3    208.65150     27.80000  -1510.71559      1.00000
FN3    211.77150     27.26000  -1506.80980      0.94240
FN3    210.52650     26.91500  -1506.34125      1.00000
FN3    209.26650     26.28500  -1516.94404      1.00000
FN3    213.33150     26.13500  -1512.96273      1.00000
FN3    218.97150     25.79000  -1519.51816      1.00000
FN3    207.30150     25.76000  -1511.30105      1.00000
FN3    215.89650     23.49500  -1508.65093      1.00000
FN3    217.90650     23.25500  -1519.05098      1.00000
FN3    206.65650     22.76000  -1507.46820      1.00000
FN3    215.34150     22.25000  -1514.91085      1.00000
FN3    216.58650     22.95500  -1518.66063      1.00000
FN3    211.98150     21.72500  -1520.03950      1.00000
FN3    207.97650     20.72000  -1516.61861      1.00000
FN3    209.95650     20.43500  -1521.36423      1.00000
FN3    216.04650     19.92500  -1518.95249      1.00000
FN3    213.07650     19.44500  -1514.62199      1.00000
FN3    218.38650     17.81000  -1522.79476      1.00000
FN3    217.68150     16.82000  -1524.07393      1.00000
FN3    212.01150     16.04000  -1522.54371      1.00000
FN3    209.05650     16.05500  -1515.84694      1.00000
FN3    221.16150     15.62000  -1540.74499      1.00000
FN3    206.34150     13.49000  -1521.94995      1.00000
FN3    217.57650     11.12000  -1527.79957      1.00000
FN3    218.10150     10.28000  -1526.41211      1.00000
FN3    211.57650      9.47000  -1524.72623      1.00000
FN3    208.50150      9.08000  -1509.22683      1.00000
FN3    214.15650      8.66000  -1530.11893      1.00000
FN3    211.32150      7.88000  -1533.50103      1.00000
FN3    218.10150      7.82000  -1529.58870      1.00000
FN3    219.31650      7.70000  -1533.27162      1.00000
FN3    210.79650      5.46500  -1522.40074      1.00000
FN3    208.96650      3.08000  -1528.96887      1.00000
FN3    211.68150      3.02000  -1528.80851      1.00000
FN3    215.89650      2.96000  -1527.10175      1.00000
FN3    214.77150      2.88500  -1525.88352      1.00000
FN3    217.09650      2.37500  -1524.11918      1.00000
FN3    212.43150     29.82500  -1513.92270      1.00000
FN3    205.68150     26.84000  -1516.20919      1.00000
FN3    209.14650     26.67500  -1513.80672      1.00000
FN3    209.74650     25.26500  -1516.42288      1.00000
FN3    220.95150     25.19000  -1519.31872      1.00000
FN3    210.37650     23.33000  -1515.67941      1.00000
FN3    207.84150     22.55000  -1515.93631      1.00000
FN3    218.73150     21.84500  -1525.65576      0.93809
FN3    210.88650     20.88500  -1522.58854      1.00000
FN3    212.07150     18.66500  -1518.22684      1.00000
FN3    217.35150     17.51000  -1524.04746      1.00000
FN3    208.95150     17.60000  -1515.28715      1.00000
FN3    205.96650     16.16000  -1516.62265      1.00000
FN3    220.63650     15.92000  -1530.36142      1.00000
FN3    210.39150     15.78500  -1523.46746      1.00000
FN3    210.22650     13.58000  -1524.29496      1.00000
FN3    208.08150     13.19000  -1520.30376      1.00000
FN3    206.86650     11.94500  -1518.88274      1.00000
FN3    210.49650     10.11500  -1530.84282      0.97372
FN3    209.91150      7.34000  -1527.80978      1.00000
FN3    210.36150      5.96000  -1529.53419      1.00000
FN3    216.73650      3.47000  -1522.04172      1.00000
FN3    213.06150     18.90500  -1519.45487      1.00000
FN3    220.33650     18.75500  -1526.82283      1.00000
FN2    184.67550    122.69000   1532.85793      1.00000
FN2    183.04050    120.33500   1534.72976      1.00000
FN2    181.04550    119.49500   1522.34425      1.00000
FN2    178.06050    116.27000   1521.58915      1.00000
FN2    184.46550    115.52000   1523.75819      1.00000
FN2    179.02050    113.84000   1521.96481      1.00000
FN2    181.72050    113.60000   1521.40110      1.00000
FN2    186.80550    112.23500   1539.16831      1.00000
FN2    186.77550    110.70500   1524.25332      1.00000
FN2    176.87550    109.71500   1530.54739      1.00000
FN2    174.44550    109.65500   1520.66777      1.00000
FN2    182.17050    125.58500   1527.78244      1.00000
FN2    176.62050    108.63500   1540.10789      1.00000
FN2    176.21550    106.67000   1535.03291      1.00000
FN2    196.69050    106.65500   1532.33652      1.00000
FN2    172.30050    106.50500   1540.16838      1.00000
FN2    174.19050    104.16500   1528.59378      1.00000
FN2    183.47550    102.87500   1514.97801      1.00000
FN2    171.91050    101.45000   1550.28417      1.00000
FN2    193.39050    101.42000   1520.53240      1.00000
FN2    172.30050    100.85000   1486.84980      1.00000
FN2    190.61550    100.35500   1527.00256      1.00000
FN2    184.12050     98.96000   1518.33769      1.00000
FN2    194.65050     98.73500   1516.29023      1.00000
FN2    175.09050    120.80000   1522.53513      1.00000
FN2    178.34550    120.44000   1536.58500      1.00000
FN2    185.47050    118.92500   1537.10664      1.00000
FN2    176.89050    116.46500   1535.97831      0.80657
FN2    183.37050    115.02500   1529.63457      1.00000
FN2    179.84550    114.12500   1529.27025      1.00000
FN2    192.70050    113.94500   1541.33915      1.00000
FN2    185.35050    113.69000   1531.93905      1.00000
FN2    183.47550    113.31500   1531.46100      1.00000
FN2    176.68050    112.91000   1521.75790      1.00000
FN2    183.07050    112.19000   1528.38144      1.00000
FN2    183.92550    111.89000   1520.84280      1.00000
FN2    174.44550    111.03500   1532.68653      1.00000
FN2    193.07550    110.93000   1539.72884      1.00000
FN2    176.38050    109.26500   1535.29121      1.00000
FN2    179.05050    109.25000   1522.82666      1.00000
FN2    177.31050    124.92500   1514.24637      0.77653
FN2    178.07550    108.35000   1530.43596      1.00000
FN2    188.38050    107.04500   1525.32120      1.00000
FN2    187.37550    122.42000   1537.89082      1.00000
FN2    188.72550    106.28000   1519.83841      1.00000
FN2    186.20550    105.75500   1536.04715      1.00000
FN2    186.98550    105.56000   1530.97766      1.00000
FN2    188.21550    105.50000   1519.09975      1.00000
FN2    184.61550    104.64500   1522.34463      1.00000
FN2    181.66050    122.09000   1537.06050      1.00000
FN2    182.98050    102.29000   1523.07626      1.00000
FN2    181.00050    101.45000   1526.70834      1.00000
FN2    183.01050    101.06000   1516.46587      1.00000
FN2    192.83550    100.19000   1519.52171      1.00000
FN2    199.21050     98.45000   1538.98435      0.69659
FN2    193.79550     98.24000   1514.15558      1.00000
FN2    178.00050     98.22500   1533.23080      0.87467
FN2    186.91050    122.45000   1530.05041      1.00000
FN2    173.90550    120.87500   1517.86080      1.00000
FN2    178.52550    120.50000   1532.14068      1.00000
FN2    172.25550    120.47000   1529.73441      1.00000
FN2    187.19550    119.30000   1532.73272      1.00000
FN2    177.16050    117.21500   1529.12058      1.00000
FN2    183.85050    116.64500   1527.18444      1.00000
FN2    173.27550    116.33000   1525.12823      1.00000
FN2    191.62050    114.98000   1526.69647      0.59611
FN2    180.11550    114.27500   1523.00605      1.00000
FN2    173.35050    113.61500   1527.08185      1.00000
FN2    188.72550    113.48000   1524.95298      0.80350
FN2    178.01550    113.48000   1527.95704      1.00000
FN2    173.33550    112.49000   1526.94751      1.00000
FN2    190.66050    111.72500   1528.86371      0.95033
FN2    178.40550    124.74500   1523.36523      1.00000
FN2    177.67050    123.87500   1524.31528      1.00000
FN2    197.26050    104.73500   1525.60636      1.00000
FN2    195.26550    103.91000   1527.46428      1.00000
FN2    184.00050    103.68500   1522.68679      1.00000
FN2    197.27550    103.50500   1519.45686      0.95244
FN2    190.70550    100.89500   1532.32054      0.91228
FN2    192.29550    100.67000   1523.32330      1.00000
FN2    187.91550     99.54500   1522.21786      1.00000
FN2    196.55550     99.03500   1512.88050      0.84415
FN2    186.38550     98.58500   1527.47953      1.00000
FN2    193.24050     98.24000   1518.03818      1.00000
FN2    191.62050     98.10500   1521.74714      1.00000
FN2    195.94050     98.04500   1522.16845      1.00000
FN2    180.53550    126.11000   1540.53427      0.57339
FN2    176.35050    122.67500   1532.33150      0.80052
FN2    190.75050    117.12500   1536.39655      1.00000
FN2    172.51050    115.59500   1533.98290      1.00000
FN2    174.92550    115.07000   1535.47419      1.00000
FN2    175.99050    114.95000   1530.35181      1.00000
FN2    186.43050    114.81500   1534.16223      1.00000
FN2    184.01550    113.84000   1523.98506      1.00000
FN2    184.39050    112.47500   1526.23319      1.00000
FN2    173.92050    111.66500   1527.80539      1.00000
FN2    179.71050    110.34500   1531.15440      1.00000
FN2    188.71050    110.28500   1522.20205      1.00000
FN2    190.90050    109.26500   1534.98822      1.00000
FN2    190.49550    107.30000   1525.63144      1.00000
FN2    181.04550    107.09000   1515.37347      0.93029
FN2    178.30050    106.41500   1527.78605      1.00000
FN2    184.60050    105.24500   1531.15637      1.00000
FN2    191.47050    105.05000   1521.29423      1.00000
FN2    188.47050    104.79500   1512.29196      0.86162
FN2    186.59550    103.23500   1530.62887      1.00000
FN2    178.48050    100.61000   1532.52599      1.00000
FN2    188.66550     98.85500   1517.74730      1.00000
FN2    178.16550     97.95500   1531.72049      1.00000
FN1    154.56450    154.20000  -1540.87054      1.00000
FN1    150.72450    152.61000  -1526.02693      1.00000
FN1    138.73950    151.45500  -1528.82477      1.00000
FN1    162.87450    150.39000  -1546.46742      1.00000
FN1    156.81450    149.59500  -1533.69211      1.00000
FN1    161.76450    149.07000  -1541.16416      1.00000
FN1    153.34950    147.88500  -1538.91614      1.00000
FN1    146.79450    147.34500  -1535.43696      1.00000
FN1    149.22450    147.18000  -1527.80577      1.00000
FN1    159.33450    147.09000  -1538.51018      1.00000
FN1    155.97450    146.64000  -1544.49137      1.00000
FN1    141.84450    157.32000  -1529.50933      1.00000
FN1    157.26450    143.98500  -1535.96901      1.00000
FN1    140.50950    143.88000  -1530.35040      1.00000
FN1    144.13950    156.96000  -1528.02855      1.00000
FN1    144.63450    143.26500  -1534.38945      1.00000
FN1    159.58950    156.54000  -1551.60834      1.00000
FN1    160.72950    142.87500  -1533.69499      1.00000
FN1    142.30950    142.65000  -1548.67179      1.00000
FN1    139.03950    142.38000  -1539.05842      1.00000
FN1    166.38450    141.97500  -1543.64059      1.00000
FN1    156.42450    141.91500  -1528.53297      1.00000
FN1    157.15950    141.82500  -1535.62718      1.00000
FN1    152.14950    141.63000  -1543.26778      1.00000
FN1    144.76950    141.46500  -1534.90145      1.00000
FN1    153.85950    140.61000  -1538.76579      1.00000
FN1    148.56450    140.55000  -1540.57103      1.00000
FN1    164.23950    140.61000  -1531.19771      1.00000
FN1    140.52450    140.49000  -1543.05036      1.00000
FN1    143.61450    139.68000  -1547.56571      1.00000
FN1    163.51950    139.74000  -1533.87903      1.00000
FN1    146.07450    139.69500  -1542.12601      1.00000
FN1    165.36450    138.96000  -1538.80658      1.00000
FN1    149.82450    138.85500  -1545.77923      1.00000
FN1    150.73950    137.25000  -1528.78761      1.00000
FN1    159.70950    136.71000  -1536.51753      1.00000
FN1    158.07450    136.33500  -1534.98466      1.00000
FN1    143.41950    135.63000  -1541.61106      1.00000
FN1    152.59950    135.19500  -1547.93240      1.00000
FN1    153.33450    134.73000  -1542.63981      1.00000
FN1    141.22950    134.04000  -1552.85866      1.00000
FN1    162.99450    133.08000  -1528.94777      1.00000
FN1    140.28450    132.66000  -1543.66030      1.00000
FN1    163.60950    131.50500  -1546.71329      1.00000
FN1    149.89950    130.09500  -1537.59776      1.00000
FN1    156.70950    156.12000  -1557.90981      0.69260
FN1    151.84950    155.35500  -1525.65834      1.00000
FN1    140.04450    153.96000  -1534.64554      1.00000
FN1    158.32950    153.85500  -1546.63949      1.00000
FN1    148.92450    152.80500  -1528.42798      1.00000
FN1    139.96950    152.05500  -1538.00391      1.00000
FN1    150.39450    152.04000  -1531.35185      1.00000
FN1    143.86950    151.66500  -1531.67249      1.00000
FN1    142.48950    151.47000  -1530.88626      1.00000
FN1    164.58450    150.28500  -1549.80309      1.00000
FN1    146.11950    150.21000  -1533.71104      1.00000
FN1    154.54950    149.59500  -1528.04076      1.00000
FN1    157.03950    148.83000  -1532.87337      1.00000
FN1    144.75450    148.62000  -1538.55858      1.00000
FN1    142.06950    147.67500  -1542.57962      1.00000
FN1    154.23450    147.06000  -1532.52217      1.00000
FN1    162.37950    146.23500  -1540.58035      1.00000
FN1    157.02450    146.16000  -1537.86855      1.00000
FN1    158.37450    145.56000  -1534.07021      1.00000
FN1    142.29450    144.96000  -1535.43979      1.00000
FN1    146.73450    144.52500  -1537.19340      1.00000
FN1    145.80450    144.07500  -1538.05298      1.00000
FN1    160.26450    143.94000  -1528.15026      1.00000
FN1    159.93450    142.89000  -1543.36075      1.00000
FN1    147.66450    141.51000  -1536.99386      1.00000
FN1    158.73450    141.43500  -1542.54876      1.00000
FN1    153.99450    158.07000  -1538.42265      1.00000
FN1    166.21950    141.00000  -1536.39153      1.00000
FN1    144.03450    138.84000  -1545.00755      1.00000
FN1    138.76950    138.33000  -1544.50416      1.00000
FN1    153.22950    137.74500  -1547.16670      1.00000
FN1    165.39450    137.26500  -1537.81460      1.00000
FN1    154.47450    136.11000  -1547.10989      1.00000
FN1    163.08450    133.90500  -1546.96009      0.90449
FN1    162.78450    132.30000  -1541.80281      1.00000
FN1    156.72450    131.50500  -1535.07673      1.00000
FN1    161.67450    130.98000  -1542.95945      1.00000
FN1    154.24950    154.53000  -1542.02340      1.00000
FN1    158.14950    154.14000  -1543.81966      1.00000
FN1    156.73950    153.91500  -1540.04826      0.88094
FN1    147.90450    153.72000  -1533.40145      1.00000
FN1    160.39950    152.67000  -1540.44911      1.00000
FN1    159.04950    151.09500  -1539.55815      1.00000
FN1    148.00950    150.85500  -1527.12839      1.00000
FN1    156.34950    150.15000  -1538.26330      1.00000
FN1    150.06450    150.06000  -1514.58326      0.54416
FN1    140.23950    149.37000  -1535.87044      1.00000
FN1    157.29450    148.12500  -1531.07284      1.00000
FN1    147.66450    147.54000  -1540.49991      1.00000
FN1    144.61950    147.22500  -1539.42211      1.00000
FN1    156.57450    147.43500  -1531.38817      1.00000
FN1    161.01450    146.98500  -1538.34465      1.00000
FN1    160.08450    146.53500  -1534.99139      1.00000
FN1    143.32950    145.44000  -1539.42064      1.00000
FN1    147.09450    158.16000  -1524.08632      1.00000
FN1    138.51450    144.66000  -1546.09281      0.84708
FN1    145.98450    144.64500  -1530.86809      1.00000
FN1    161.95950    143.98500  -1538.11450      1.00000
FN1    139.53450    142.23000  -1544.46340      1.00000
FN1    156.03450    141.67500  -1530.90434      1.00000
FN1    147.64950    141.55500  -1538.01575      1.00000
FN1    138.96450    141.25500  -1537.48170      1.00000
FN1    138.54450    156.84000  -1536.71730      1.00000
FN1    147.10950    140.40000  -1537.19754      1.00000
FN1    154.33950    156.42000  -1536.59760      1.00000
FN1    161.95950    139.89000  -1537.63001      1.00000
FN1    143.13450    155.95500  -1536.00661      1.00000
FN1    144.55950    139.12500  -1533.96105      0.76416
FN1    145.26450    139.11000  -1542.62103      1.00000
FN1    152.92950    135.79500  -1547.78951      1.00000
FN1    147.34950    134.88000  -1544.16875      1.00000
FN1    145.47450    133.89000  -1544.70589      1.00000
FN1    139.39950    133.65000  -1544.80363      1.00000
FN1    155.28450    132.94500  -1534.68812      1.00000
FN1    145.57950    132.60000  -1547.08159      1.00000
FN1    146.37450    155.20500  -1532.56075      1.00000
FN1    160.98450    131.71500  -1533.97143      1.00000
FN1    163.42950    131.55000  -1538.11539      1.00000
FN1    156.12450    157.96500  -1542.77627      1.00000
FN1    147.19950    156.70500  -1531.91156      1.00000
FN1    149.73450    156.13500  -1519.40220      1.00000
FN1    144.64950    155.43000  -1526.58655      1.00000
FN1    139.66950    154.45500  -1529.28757      1.00000
FN1    147.43950    151.18500  -1526.42851      1.00000
FN1    145.56450    150.19500  -1525.52529      1.00000
FN1    139.48950    149.95500  -1540.25013      1.00000
FN1    145.66950    148.90500  -1537.43287      1.00000
FN1    161.07450    148.00500  -1543.92669      1.00000
FN1    163.51950    147.82500  -1546.71939      1.00000
FN1    149.70450    146.16000  -1525.49802      1.00000
FN1    152.88450    145.03500  -1535.97388      1.00000
FN1    162.30450    144.69000  -1536.46583      1.00000
FN1    154.80450    144.52500  -1527.43446      0.84740
FN1    158.91450    143.91000  -1536.72232      1.00000
FN1    164.16450    143.74500  -1546.64972      1.00000
FN1    147.73950    157.86000  -1537.15185      0.85179
FN1    166.60950    143.53500  -1550.27980      0.76530
FN1    139.68450    143.40000  -1544.83108      1.00000
FN1    156.58950    143.28000  -1527.19178      1.00000
FN1    153.33450    143.02500  -1529.92592      1.00000
FN1    166.42950    142.27500  -1544.38309      1.00000
FN1    154.11450    142.12500  -1525.87311      0.88675
FN1    159.01950    142.11000  -1528.99751      0.78726
FN1    159.85950    141.81000  -1541.38502      1.00000
FN1    161.91450    141.49500  -1532.58152      1.00000
FN1    162.85950    141.19500  -1540.90119      1.00000
FN1    154.80450    141.13500  -1536.09937      1.00000
FN1    158.41950    157.60500  -1545.56576      1.00000
FN1    146.08950    140.67000  -1537.75024      1.00000
FN1    139.17450    140.41500  -1538.60060      1.00000
FN1    157.89450    140.32500  -1540.79436      1.00000
FN1    160.35450    140.34000  -1535.36565      1.00000
FN1    165.85950    139.87500  -1538.30569      1.00000
FN1    164.10450    139.50000  -1542.89661      1.00000
FN1    139.05450    157.57500  -1528.61205      1.00000
FN1    165.03450    137.89500  -1534.67196      1.00000
FN1    151.39950    137.71500  -1543.42155      1.00000
FN1    159.00450    137.07000  -1548.70171      0.73081
FN1    150.43950    136.36500  -1539.62698      1.00000
FN1    164.76450    136.29000  -1530.19966      1.00000
FN1    157.69950    136.27500  -1541.53301      1.00000
FN1    160.12950    134.85000  -1535.70458      1.00000
FN1    155.50950    134.70000  -1544.94479      1.00000
FN1    154.56450    133.30500  -1543.73083      1.00000
FN1    160.02450    132.01500  -1532.70215      1.00000
FN1    153.06450    131.94000  -1543.00658      1.00000
FN1    162.91950    131.76000  -1542.97585      1.00000
FN1    142.65450    131.11500  -1537.83030      0.95442
FS1   -144.67950    157.14000   1529.58711      1.00000
FS1   -139.78950    156.49500   1540.20850      1.00000
FS1   -146.17950    155.20500   1512.71896      1.00000
FS1   -155.38950    154.38000   1523.97344      1.00000
FS1   -155.44950    153.13500   1529.96887      1.00000
FS1   -160.62450    152.83500   1508.58012      1.00000
FS1   -155.35950    151.09500   1519.24234      1.00000
FS1   -151.20450    150.96000   1521.69058      1.00000
FS1   -143.85450    150.72000   1564.91549      1.00000
FS1   -159.19950    150.81000   1518.64772      1.00000
FS1   -146.14950    150.72000   1525.65569      1.00000
FS1   -154.09950    150.57000   1516.18299      1.00000
FS1   -149.95950    149.50500   1524.90205      1.00000
FS1   -160.47450    149.11500   1536.38887      1.00000
FS1   -155.49450    148.23000   1527.38155      1.00000
FS1   -162.58950    147.27000   1504.76016      1.00000
FS1   -146.95950    146.68500   1534.45352      1.00000
FS1   -149.53950    145.68000   1532.83392      1.00000
FS1   -142.42950    144.55500   1547.96771      1.00000
FS1   -151.68450    144.15000   1522.38240      1.00000
FS1   -144.00450    143.89500   1547.68459      1.00000
FS1   -153.78450    141.96000   1527.40623      1.00000
FS1   -138.33450    141.54000   1542.06297      1.00000
FS1   -159.00450    141.57000   1526.93028      1.00000
FS1   -146.86950    141.30000   1554.85326      1.00000
FS1   -150.34950    140.02500   1536.78921      1.00000
FS1   -163.05450    139.11000   1550.87715      1.00000
FS1   -153.73950    138.57000   1532.82642      1.00000
FS1   -147.46950    138.19500   1536.21089      1.00000
FS1   -165.19950    135.97500   1521.80218      1.00000
FS1   -154.56450    135.52500   1528.43574      1.00000
FS1   -147.54450    134.88000   1540.59930      1.00000
FS1   -143.14950    132.66000   1547.45340      1.00000
FS1   -158.22450    132.21000   1522.87413      1.00000
FS1   -160.26450    130.06500   1523.09425      1.00000
FS1   -138.64950    154.83000   1522.87018      0.73338
FS1   -139.56450    154.78500   1527.43638      1.00000
FS1   -156.24450    154.35000   1540.12552      0.72880
FS1   -148.89450    151.80000   1519.37157      1.00000
FS1   -160.36950    151.35000   1533.93011      0.71292
FS1   -140.52450    150.76500   1535.99489      0.98182
FS1   -146.79450    150.60000   1527.28047      1.00000
FS1   -155.01450    150.40500   1525.63354      1.00000
FS1   -162.46950    149.98500   1536.02889      0.66288
FS1   -158.22450    149.83500   1524.80669      1.00000
FS1   -156.51450    149.19000   1525.46216      1.00000
FS1   -143.40450    148.45500   1532.68507      0.85964
FS1   -157.93950    148.32000   1537.28790      1.00000
FS1   -142.33950    147.03000   1540.75770      1.00000
FS1   -149.23950    146.50500   1533.34705      1.00000
FS1   -154.83450    145.51500   1532.40827      1.00000
FS1   -141.63450    145.41000   1539.54543      1.00000
FS1   -144.30450    145.15500   1537.23941      1.00000
FS1   -142.92450    145.06500   1537.13766      1.00000
FS1   -160.23450    143.79000   1531.94402      1.00000
FS1   -163.69950    142.54500   1520.10791      1.00000
FS1   -157.60950    142.36500   1544.28558      0.67695
FS1   -156.03450    142.35000   1540.09283      0.90558
FS1   -148.86450    141.57000   1539.48260      1.00000
FS1   -140.86950    140.86500   1542.79808      1.00000
FS1   -163.62450    140.74500   1518.76100      0.69807
FS1   -148.62450    140.19000   1538.03117      1.00000
FS1   -154.51950    157.08000   1537.15855      0.83673
FS1   -144.70950    138.78000   1538.78528      1.00000
FS1   -139.83450    138.15000   1533.85526      0.98137
FS1   -163.11450    136.83000   1518.15655      0.75684
FS1   -147.58950    136.81500   1528.34330      0.98111
FS1   -155.43450    136.02000   1538.68365      1.00000
FS1   -155.49450    134.77500   1531.61247      1.00000
FS1   -160.66950    134.46000   1518.94572      1.00000
FS1   -155.40450    132.73500   1528.77002      1.00000
FS1   -151.23450    132.60000   1540.67554      1.00000
FS1   -146.19450    132.36000   1526.24228      0.74241
FS1   -154.12950    132.21000   1518.62633      1.00000
FS1   -157.27950    132.21000   1516.99662      1.00000
FS1   -149.98950    131.14500   1538.92533      1.00000
FS1   -160.51950    130.77000   1535.26103      0.96145
FS1   -155.52450    129.90000   1527.15723      1.00000
FS1   -149.43450    152.94000   1520.27912      1.00000
FS1   -140.74950    152.86500   1537.17539      1.00000
FS1   -139.41450    151.36500   1549.64800      0.56695
FS1   -163.50450    150.09000   1521.36637      0.86267
FS1   -138.27450    148.65000   1539.72916      1.00000
FS1   -142.09950    148.35000   1554.54265      0.56207
FS1   -140.55450    147.99000   1541.07218      1.00000
FS1   -159.73950    145.41000   1524.73058      1.00000
FS1   -141.76950    144.81000   1551.76902      0.77946
FS1   -153.73950    144.40500   1526.25234      1.00000
FS1   -147.82950    143.41500   1531.04808      0.70206
FS1   -149.35950    143.20500   1536.61167      1.00000
FS1   -159.04950    140.91000   1524.32779      0.96192
FS1   -157.96950    139.62000   1536.30592      1.00000
FS1   -149.58450    139.75500   1529.85867      0.99498
FS1   -154.81950    139.77000   1532.21140      1.00000
FS1   -148.84950    139.29000   1534.77841      1.00000
FS1   -156.72450    138.78000   1528.59018      1.00000
FS1   -155.82450    138.58500   1526.74665      0.94769
FS1   -141.16950    138.48000   1548.57043      0.73131
FS1   -161.23950    138.21000   1529.35688      1.00000
FS1   -141.22950    137.23500   1547.43360      0.87666
FS1   -153.31950    157.44000   1527.64758      1.00000
FS1   -141.13950    135.21000   1543.97257      1.00000
FS1   -144.96450    134.92500   1537.06965      1.00000
FS1   -152.70450    134.68500   1524.58378      1.00000
FS1   -139.86450    134.67000   1536.91624      1.00000
FS1   -139.53450    132.91500   1538.18401      1.00000
FS1   -161.25450    132.36000   1514.41902      0.66541
FS1   -141.25950    132.33000   1536.50477      1.00000
FS1   -148.35450    131.37000   1533.96980      1.00000
FS1   -154.57950    129.93000   1532.27228      0.96232
FS1   -141.18450    153.75000   1526.83653      1.00000
FS1   -139.50450    149.44500   1531.49822      0.89950
FS1   -162.33450    142.00500   1514.56312      0.69243
FS1   -156.30450    138.84000   1520.47516      1.00000
FS1   -150.93450    136.59000   1532.02485      1.00000
FS1   -143.85450    136.48500   1533.16642      1.00000
FS1   -158.38950    136.47000   1521.98635      1.00000
FS1   -140.28450    136.14000   1540.65189      1.00000
FS1   -138.84450    133.53000   1535.96973      1.00000
FS1   -143.95950    132.82500   1539.18267      1.00000
FS1   -156.01950    132.25500   1526.24052      1.00000
FS1   -144.12450    131.80500   1534.98382      1.00000
FS2   -184.03050    123.60500  -1531.09190      1.00000
FS2   -180.73050    123.30500  -1534.12135      1.00000
FS2   -188.15550    120.90500  -1525.99734      1.00000
FS2   -175.66050    120.69500  -1522.40901      1.00000
FS2   -174.10050    120.26000  -1523.50535      1.00000
FS2   -188.24550    119.61500  -1529.21364      1.00000
FS2   -187.79550    118.65500  -1531.80326      1.00000
FS2   -178.82550    117.50000  -1525.86750      1.00000
FS2   -190.72050    117.33500  -1528.14088      1.00000
FS2   -184.48050    115.34000  -1512.97161      1.00000
FS2   -182.23050    113.76500  -1521.35064      1.00000
FS2   -174.31050    113.37500  -1531.69277      1.00000
FS2   -191.77050    113.30000  -1517.71541      1.00000
FS2   -188.72550    113.25500  -1513.08117      1.00000
FS2   -172.82550    113.66000  -1529.46576      1.00000
FS2   -194.69550    112.35500  -1524.39298      1.00000
FS2   -193.01550    109.95500  -1537.46023      1.00000
FS2   -172.13550    108.47000  -1524.91010      1.00000
FS2   -181.97550    108.38000  -1530.69063      1.00000
FS2   -174.14550    107.73500  -1529.39952      1.00000
FS2   -172.42050    107.33000  -1534.77512      1.00000
FS2   -197.59050    107.13500  -1534.09704      1.00000
FS2   -190.91550    106.71500  -1535.84176      1.00000
FS2   -189.89550    106.49000  -1531.90023      1.00000
FS2   -171.80550    105.89000  -1538.05933      1.00000
FS2   -192.14550    105.12500  -1534.02173      1.00000
FS2   -192.92550    102.66500  -1511.93449      1.00000
FS2   -196.21050    102.35000  -1542.26403      1.00000
FS2   -181.03050    102.24500  -1524.55661      1.00000
FS2   -183.83550    101.34500  -1537.14819      1.00000
FS2   -194.00550    101.12000  -1546.76201      1.00000
FS2   -194.84550    100.73000  -1540.29929      1.00000
FS2   -172.13550    100.28000  -1533.33811      1.00000
FS2   -174.65550    100.16000  -1533.29163      1.00000
FS2   -192.40050     99.26000  -1532.03950      1.00000
FS2   -173.18550     98.51000  -1527.89081      1.00000
FS2   -175.60050     98.43500  -1532.61350      1.00000
FS2   -184.60050     97.73000  -1538.97435      1.00000
FS2   -172.12050    123.96500  -1527.92960      1.00000
FS2   -176.87550    123.08000  -1526.43180      1.00000
FS2   -183.04050    121.83500  -1529.64480      1.00000
FS2   -172.21050    121.55000  -1532.28379      1.00000
FS2   -189.20550    120.78500  -1528.09059      1.00000
FS2   -180.85050    120.20000  -1522.48092      1.00000
FS2   -177.83550    119.67500  -1532.35323      1.00000
FS2   -190.21050    119.37500  -1523.67316      1.00000
FS2   -192.17550    117.26000  -1531.50436      1.00000
FS2   -189.92550    117.17000  -1533.91196      1.00000
FS2   -172.55550    116.57000  -1524.25072      1.00000
FS2   -185.15550    116.36000  -1523.67261      1.00000
FS2   -182.36550    114.89000  -1529.04024      1.00000
FS2   -174.34050    114.06500  -1543.15029      0.88826
FS2   -174.86550    112.52000  -1524.31969      1.00000
FS2   -192.16050    112.04000  -1533.93358      1.00000
FS2   -194.00550    111.56000  -1522.39838      1.00000
FS2   -182.21550    110.97500  -1524.86672      1.00000
FS2   -179.33550    124.56500  -1520.88465      1.00000
FS2   -173.78550    109.76000  -1523.59425      1.00000
FS2   -175.64550    109.37000  -1531.21139      1.00000
FS2   -179.23050    109.32500  -1526.04046      1.00000
FS2   -173.08050    108.68000  -1520.35269      1.00000
FS2   -187.00050    108.62000  -1528.21105      1.00000
FS2   -188.11050    108.38000  -1513.78948      0.68803
FS2   -173.72550    107.91500  -1536.56770      1.00000
FS2   -187.55550    107.78000  -1522.85096      1.00000
FS2   -192.58050    107.73500  -1536.10069      1.00000
FS2   -185.95050    107.58500  -1532.39550      1.00000
FS2   -190.94550    107.06000  -1527.01793      1.00000
FS2   -189.43050    106.22000  -1531.69190      1.00000
FS2   -192.34050    105.36500  -1532.70128      1.00000
FS2   -184.04550    105.21500  -1540.40844      1.00000
FS2   -175.33050    105.20000  -1517.01761      0.76771
FS2   -180.73050    104.91500  -1520.98498      1.00000
FS2   -199.40550    102.45500  -1540.63049      1.00000
FS2   -195.29550    102.62000  -1534.56377      1.00000
FS2   -175.66050    102.30500  -1533.56731      1.00000
FS2   -188.24550    101.22500  -1536.27285      1.00000
FS2   -187.79550    100.26500  -1538.68523      1.00000
FS2   -178.81050     99.11000  -1537.30794      1.00000
FS2   -190.72050     98.93000  -1532.08443      1.00000
FS2   -186.43050    124.19000  -1525.81846      1.00000
FS2   -174.94050    123.27500  -1521.61820      1.00000
FS2   -175.63050    119.66000  -1524.23753      1.00000
FS2   -188.74050    117.11000  -1527.15494      1.00000
FS2   -190.03050    115.86500  -1524.04589      1.00000
FS2   -177.77550    115.85000  -1532.81101      1.00000
FS2   -185.32050    115.77500  -1526.93425      1.00000
FS2   -177.86550    114.53000  -1526.81862      1.00000
FS2   -179.72550    114.03500  -1522.24784      1.00000
FS2   -171.67050    110.06000  -1538.19030      0.58905
FS2   -192.46050    108.93500  -1539.49764      1.00000
FS2   -183.22050    108.80000  -1518.38289      0.60040
FS2   -182.87550    107.40500  -1525.73983      1.00000
FS2   -196.54050    104.79500  -1535.16670      1.00000
FS2   -190.25550    104.75000  -1528.04955      1.00000
FS2   -198.17550    104.28500  -1540.74682      1.00000
FS2   -173.51550    102.74000  -1530.93927      1.00000
FS2   -179.57550    102.05000  -1540.53562      0.60639
FS2   -178.01550    102.08000  -1533.85872      1.00000
FS2   -194.93550    101.97500  -1536.00876      1.00000
FS2   -176.42550    101.42000  -1534.98589      1.00000
FS2   -199.72050    101.01500  -1537.40403      1.00000
FS2   -181.85550    100.31000  -1547.83499      0.53378
FS2   -182.06550     99.03500  -1533.22942      1.00000
FS2   -182.87550    123.96500  -1530.15494      1.00000
FS2   -183.95550    122.87000  -1524.03082      1.00000
FS2   -181.01550    121.65500  -1525.47458      1.00000
FS2   -185.11050    121.49000  -1536.02461      1.00000
FS2   -173.87550    121.55000  -1521.56299      1.00000
FS2   -187.57050    120.36500  -1525.57693      1.00000
FS2   -173.51550    119.28500  -1528.84651      1.00000
FS2   -188.00550    118.16000  -1519.17982      0.76827
FS2   -187.61550    117.29000  -1527.69404      1.00000
FS2   -181.88550    116.81000  -1512.89302      0.86718
FS2   -190.52550    113.13500  -1523.94086      1.00000
FS2   -183.22050    125.34500  -1522.25824      1.00000
FS2   -182.15550    108.26000  -1521.86066      1.00000
FS2   -197.42550    105.86000  -1533.99686      1.00000
FS2   -181.91550    102.98000  -1529.15412      1.00000
FS2   -185.15550    101.31500  -1538.38192      1.00000
FS2   -194.71050     98.58500  -1535.53214      1.00000
FS2   -198.47550     97.71500  -1543.00482      1.00000
FS3   -209.10150     30.35000   1528.59137      1.00000
FS3   -218.40150     23.07500   1533.71390      1.00000
FS3   -213.45150     21.54500   1538.79600      1.00000
FS3   -209.67150     19.55000   1529.93984      1.00000
FS3   -211.36650     18.86000   1529.26282      1.00000
FS3   -210.37650     15.08000   1530.48814      1.00000
FS3   -210.99150     12.41000   1536.12127      1.00000
FS3   -212.62650     11.96000   1535.75260      1.00000
FS3   -219.60150     30.06500   1543.47604      1.00000
FS3   -208.98150     10.71500   1539.91583      1.00000
FS3   -220.53150      9.33500   1539.97693      1.00000
FS3   -206.32650     28.01000   1547.89650      1.00000
FS3   -211.71150     28.10000   1539.08504      1.00000
FS3   -216.85650      7.22000   1546.95069      1.00000
FS3   -222.79650      6.95000   1523.94415      1.00000
FS3   -219.69150      5.36000   1554.47343      1.00000
FS3   -212.26650      4.58000   1535.69939      1.00000
FS3   -220.72650      3.53000   1546.60300      1.00000
FS3   -211.99650      3.03500   1525.28949      1.00000
FS3   -208.36650     29.60000   1552.26786      0.67418
FS3   -206.50650     29.36000   1544.80254      1.00000
FS3   -215.46150     28.83500   1542.61817      1.00000
FS3   -221.55150     26.64500   1539.18290      1.00000
FS3   -205.89150     22.43000   1550.06923      0.83282
FS3   -212.89650     21.36500   1541.72072      1.00000
FS3   -218.10150     19.61000   1546.83774      0.86683
FS3   -212.86650     19.50500   1544.53741      0.94370
FS3   -219.12150     17.42000   1550.42930      0.76140
FS3   -219.28650     15.27500   1548.48480      1.00000
FS3   -209.98650     13.77500   1543.20208      1.00000
FS3   -210.73650     12.81500   1532.80411      1.00000
FS3   -206.50650     12.53000   1551.12501      0.76340
FS3   -213.73650     10.44500   1543.57175      1.00000
FS3   -206.28150      9.62000   1538.32406      1.00000
FS3   -221.74650      5.45000   1536.74307      1.00000
FS3   -218.35650      4.67000   1536.27740      1.00000
FS3   -216.72150     28.20500   1551.55727      0.78498
FS3   -213.87150     26.48000   1548.19436      1.00000
FS3   -214.32150     25.17500   1537.93455      1.00000
FS3   -208.90650     21.02000   1539.49041      1.00000
FS3   -209.41650     19.58000   1539.56712      0.93075
FS3   -212.35650     19.05500   1539.82707      1.00000
FS3   -216.45150     19.13000   1531.25430      0.52875
FS3   -215.02650     30.42500   1548.00832      0.97463
FS3   -214.95150     18.51500   1549.13832      1.00000
FS3   -211.42650     15.66500   1540.82019      1.00000
FS3   -215.34150     15.45500   1537.70375      1.00000
FS3   -219.15150     15.20000   1546.27732      1.00000
FS3   -214.81650     14.31500   1539.27298      1.00000
FS3   -213.57150     30.17000   1540.33830      1.00000
FS3   -205.30650     14.15000   1547.13857      1.00000
FS3   -220.71150     29.21000   1540.87058      1.00000
FS3   -222.13650      8.78000   1530.59963      1.00000
FS3   -207.28650     29.10500   1540.30080      1.00000
FS3   -215.22150      4.62500   1535.24032      1.00000
FS3   -217.99650      3.62000   1543.91322      1.00000
FS3   -218.47650      2.57000   1543.07574      1.00000
FS3   -212.46150     25.77500   1541.63711      1.00000
FS3   -214.08150     24.63500   1535.32413      1.00000
FS3   -213.25650     23.93000   1543.10711      1.00000
FS3   -221.52150     23.78000   1523.93285      0.57661
FS3   -211.74150     22.82000   1541.37663      1.00000
FS3   -215.25150     21.18500   1542.26693      1.00000
FS3   -218.02650     20.16500   1542.09986      1.00000
FS3   -218.50650     19.13000   1545.50134      1.00000
FS3   -207.94650     16.38500   1531.68505      1.00000
FS3   -208.60650     13.92500   1537.66769      1.00000
FS3   -220.30650     13.35500   1535.99060      0.83094
FS3   -213.22650     11.46500   1541.55754      1.00000
FS3   -221.95650     11.34500   1525.15694      0.84698
FS3   -212.50650     11.27000   1531.12766      1.00000
FS3   -206.26650      9.95000   1539.55139      1.00000
FS3   -209.47650     29.67500   1544.77707      1.00000
FS3   -222.64650      8.15000   1521.15815      0.91442
FS3   -208.51650      7.56500   1529.41491      0.78851
FS3   -221.83650      7.17500   1530.34881      1.00000
FS3   -218.49150      6.57500   1536.17920      0.90944
FS3   -207.79650      5.49500   1530.57019      1.00000
FS3   -218.05650      4.14500   1534.62138      1.00000
FS3   -206.44650      4.16000   1529.63955      1.00000
FS4   -208.87650     -5.93000  -1535.61199      1.00000
FS4   -212.49150     -6.57500  -1531.56125      1.00000
FS4   -217.99650     -7.59500  -1529.67744      1.00000
FS4   -206.14650    -11.30000  -1538.85557      1.00000
FS4   -221.92650    -11.45000  -1552.15668      1.00000
FS4   -218.28150    -12.35000  -1544.66178      1.00000
FS4   -210.51150    -13.55000  -1521.49103      1.00000
FS4   -215.67150    -17.81000  -1546.84678      1.00000
FS4   -205.68150    -17.94500  -1531.14283      1.00000
FS4   -206.73150    -18.69500  -1574.28888      1.00000
FS4   -220.90650    -18.96500  -1541.89128      1.00000
FS4   -216.07650    -19.89500  -1538.34221      1.00000
FS4   -214.95150    -22.14500  -1535.13853      1.00000
FS4   -213.10650    -22.56500  -1527.49580      1.00000
FS4   -221.38650    -24.05000  -1538.08111      1.00000
FS4   -207.42150    -24.62000  -1540.59916      1.00000
FS4   -215.94150    -25.73000  -1535.74810      1.00000
FS4   -211.53150    -26.91500  -1523.94641      1.00000
FS4   -209.49150    -27.71000  -1509.72707      1.00000
FS4   -210.06150    -28.13000  -1516.26047      1.00000
FS4   -222.46650    -28.44500  -1548.85682      1.00000
FS4   -210.66150    -29.00000  -1517.37361      1.00000
FS4   -207.85650    -29.63000  -1528.83602      1.00000
FS4   -218.22150    -30.75500  -1545.29247      1.00000
FS4   -218.94150     -6.35000  -1552.40595      0.67945
FS4   -215.62650     -6.66500  -1540.23826      1.00000
FS4   -209.05650     -7.32500  -1549.75056      0.71195
FS4   -224.55150     -8.03000  -1549.71932      1.00000
FS4   -210.22650     -8.33000  -1522.73706      1.00000
FS4   -220.62150     -8.70500  -1547.00541      1.00000
FS4   -214.27650     -8.79500  -1538.21903      1.00000
FS4   -215.08650     -9.75500  -1526.49042      1.00000
FS4   -221.35650     -9.72500  -1548.77978      1.00000
FS4   -216.94650    -10.82000  -1532.73904      1.00000
FS4   -217.26150     -2.55500  -1523.18983      1.00000
FS4   -213.93150    -12.08000  -1528.85173      1.00000
FS4   -212.34150    -13.46000  -1544.30171      0.94210
FS4   -212.05650    -14.99000  -1536.32115      1.00000
FS4   -223.36650    -18.45500  -1542.42483      1.00000
FS4   -216.18150    -18.77000  -1536.94448      1.00000
FS4   -212.25150    -18.92000  -1536.50557      1.00000
FS4   -224.02650    -18.96500  -1547.23623      1.00000
FS4   -221.47650    -20.04500  -1549.80449      1.00000
FS4   -207.13650    -20.28500  -1536.35402      0.74977
FS4   -223.06650    -20.84000  -1543.80679      1.00000
FS4   -223.59150    -23.79500  -1545.27105      1.00000
FS4   -208.83150    -24.33500  -1534.83121      1.00000
FS4   -207.88650    -24.84500  -1539.37315      1.00000
FS4   -217.93650    -26.01500  -1522.61014      0.72862
FS4   -206.10150    -29.69000  -1529.45426      1.00000
FS4   -221.86650    -29.87000  -1544.94264      1.00000
FS4   -216.45150    -29.84000  -1522.97268      1.00000
FS4   -205.62150    -30.44000  -1535.66718      0.74710
FS4   -222.94650     -4.74500  -1544.49380      1.00000
FS4   -211.06650     -5.61500  -1527.27127      1.00000
FS4   -222.06150     -4.85000  -1545.62817      1.00000
FS4   -220.86150     -5.10500  -1539.47749      1.00000
FS4   -224.26650     -5.18000  -1558.36118      0.65285
FS4   -210.27150     -5.54000  -1531.05015      1.00000
FS4   -223.53150     -5.75000  -1552.71598      1.00000
FS4   -224.71650     -6.11000  -1554.61473      1.00000
FS4   -206.34150     -6.23000  -1522.29000      0.56845
FS4   -207.06150     -7.25000  -1547.43505      0.83881
FS4   -222.73650     -8.04500  -1548.74414      1.00000
FS4   -221.91150     -9.02000  -1550.93331      1.00000
FS4   -218.58150     -9.62000  -1540.70788      1.00000
FS4   -215.44650     -9.83000  -1518.02433      0.68124
FS4   -218.14650    -12.06500  -1541.59847      1.00000
FS4   -224.55150    -12.95000  -1545.26857      1.00000
FS4   -223.75650    -13.28000  -1543.86852      1.00000
FS4   -212.20650    -14.37500  -1542.67451      1.00000
FS4   -213.69150    -14.90000  -1532.87536      1.00000
FS4   -223.87650    -15.74000  -1544.70465      1.00000
FS4   -207.19650    -17.57000  -1541.67727      1.00000
FS4   -216.69150    -17.67500  -1533.55564      0.95624
FS4   -222.70650    -17.67500  -1540.51499      1.00000
FS4   -223.08150    -18.87500  -1544.76401      1.00000
FS4   -220.41150     -2.85500  -1547.18524      0.80158
FS4   -218.29650    -20.51000  -1528.73142      0.60997
FS4   -221.83650    -20.79500  -1543.26243      1.00000
FS4   -209.34150    -21.30500  -1543.90355      1.00000
FS4   -214.84650    -22.05500  -1533.40048      1.00000
FS4   -224.68650    -22.37000  -1544.67531      1.00000
FS4   -219.12150    -22.94000  -1543.26326      1.00000
FS4   -216.85650    -23.36000  -1538.90826      1.00000
FS4   -214.98150    -25.62500  -1541.24698      0.84538
FS4   -207.58650    -27.39500  -1517.36648      1.00000
FS4   -213.60150    -27.48500  -1535.51631      0.65778
FS4   -215.28150    -28.38500  -1530.84441      1.00000
FS4   -216.91650    -28.71500  -1528.90699      1.00000
FS4   -219.25650    -28.70000  -1540.44775      1.00000
FS4   -210.37650    -29.28500  -1517.14785      1.00000
FS4   -222.60150    -29.40500  -1540.87712      1.00000
FS4   -215.28150     -3.45500  -1532.37119      1.00000
FS4   -217.74150    -30.05000  -1541.90112      1.00000
FS4   -216.67650     -3.59000  -1533.76078      1.00000
FS4   -221.79150    -30.38000  -1540.64085      1.00000
FS4   -214.77150    -30.74000  -1521.60546      1.00000
FS4   -215.04150     -9.06500  -1545.17616      0.54106
FS4   -215.34150    -11.81000  -1525.75792      1.00000
FS4   -219.31650    -12.12500  -1531.69260      0.70760
FS4   -216.96150    -12.15500  -1539.85134      1.00000
FS4   -210.43650    -12.72500  -1530.38749      1.00000
FS4   -222.66150    -12.83000  -1544.08060      1.00000
FS4   -211.29150    -16.35500  -1533.46290      1.00000
FS4   -218.34150     -3.93500  -1529.92297      1.00000
FS4   -212.52150    -16.74500  -1533.51945      1.00000
FS4   -221.88150     -4.22000  -1546.70213      1.00000
FS4   -224.38650    -19.13000  -1546.46776      1.00000
FS4   -217.86150    -20.46500  -1524.75432      1.00000
FS4   -214.65150    -23.03000  -1524.25565      0.94066
FS4   -216.60150    -24.93500  -1523.17303      0.75580
FS4   -220.96650    -25.52000  -1537.96889      1.00000
FS4   -222.10650    -26.07500  -1546.93542      1.00000
FS4   -223.95150    -27.12500  -1536.89248      1.00000
FS4   -208.17150    -27.81500  -1514.90951      1.00000
FS4   -209.02650    -29.28500  -1513.93777      1.00000
FS4   -217.06650    -29.75000  -1530.21391      1.00000
FS4   -214.89150     -5.48000  -1528.99635      1.00000
FS4   -219.16650     -6.38000  -1537.66566      0.79674
