FN4    220.32150     -3.99500     -0.13374      1.00000
FN4    215.83650     -4.50500     -0.08278      1.00000
FN4    214.48650     -6.71000     -0.15170      1.00000
FN4    209.14650     -8.09000     -0.02507      1.00000
FN4    216.25650    -11.34500     -0.18101      1.00000
FN4    208.96650    -13.38500     -0.09823      1.00000
FN4    213.93150    -13.46000     -0.08436      1.00000
FN4    212.95650    -14.39000     -0.16176      1.00000
FN4    208.20150    -14.88500     -0.06426      1.00000
FN4    207.75150     -2.40500     -0.12352      1.00000
FN4    209.59650    -17.51000     -0.04790      1.00000
FN4    223.33650     -2.78000     -0.20679      1.00000
FN4    209.71650    -19.46000      0.01088      1.00000
FN4    208.63650    -20.01500      0.00918      1.00000
FN4    218.86650    -24.08000     -0.19906      1.00000
FN4    218.08650    -24.84500     -0.11759      1.00000
FN4    220.69650    -25.59500     -0.27261      1.00000
FN4    207.90150    -28.70000     -0.01166      1.00000
FN4    221.56650    -29.70500     -0.17125      1.00000
FN4    211.21650    -30.15500     -0.00962      1.00000
FN4    210.24150     -3.06500     -0.18094      1.00000
FN4    221.74650     -6.60500     -0.14457      1.00000
FN4    214.02150     -7.52000     -0.22061      0.95683
FN4    209.86650     -8.37500     -0.12554      1.00000
FN4    210.03150    -13.65500     -0.02881      1.00000
FN4    211.56150    -14.09000     -0.13033      1.00000
FN4    210.96150     -4.85000     -0.03732      0.91989
FN4    206.59650    -18.18500     -0.04554      1.00000
FN4    205.48650    -18.39500     -0.07375      1.00000
FN4    220.71150    -18.84500     -0.06556      0.79777
FN4    218.32650    -19.29500     -0.12351      1.00000
FN4    219.27150    -19.76000     -0.16873      1.00000
FN4    207.81150    -20.42000     -0.07519      1.00000
FN4    210.30150    -21.08000     -0.05856      1.00000
FN4    208.32150    -22.46000     -0.04258      1.00000
FN4    211.35150    -23.30000     -0.03492      1.00000
FN4    213.52650    -23.40500      0.04475      0.70714
FN4    209.22150    -26.10500     -0.06052      1.00000
FN4    216.33150    -29.36000     -0.11905      1.00000
FN4    205.47150    -29.52500     -0.03760      1.00000
FN4    205.50150     -4.94000     -0.14124      1.00000
FN4    209.83650    -30.80000      0.02817      1.00000
FN4    208.00650     -6.92000     -0.07073      1.00000
FN4    206.43150     -7.34000     -0.04979      1.00000
FN4    215.58150     -7.67000     -0.11171      1.00000
FN4    211.99650     -8.42000     -0.07374      1.00000
FN4    207.19650     -9.44000     -0.05354      1.00000
FN4    210.39150    -14.00000     -0.06973      1.00000
FN4    218.65650     -2.75000     -0.16117      1.00000
FN4    216.81150     -4.29500     -0.08735      1.00000
FN4    220.86150    -15.74000     -0.03073      0.80930
FN4    207.49650    -17.61500     -0.06517      1.00000
FN4    222.07650    -17.99000     -0.15981      1.00000
FN4    212.41650    -17.52500      0.01162      0.81913
FN4    222.58650    -20.04500     -0.17841      1.00000
FN4    215.16150    -20.51000     -0.03848      1.00000
FN4    217.65150    -21.95000     -0.08273      1.00000
FN4    211.33650    -23.12000      0.07076      0.74161
FN4    208.02150    -23.40500     -0.00230      1.00000
FN4    206.11650    -28.16000     -0.06001      1.00000
FN4    217.44150    -28.37000     -0.09236      1.00000
FN4    205.45650    -30.11000      0.00997      1.00000
FN4    207.96150     -7.19000     -0.15393      0.91064
FN4    206.05650    -11.94500     -0.08440      1.00000
FN4    217.36650    -12.15500     -0.23188      0.95910
FN4    219.34650    -12.20000     -0.11477      1.00000
FN4    222.46650    -14.28500     -0.19451      0.76840
FN4    209.76150    -14.58500     -0.06788      1.00000
FN4    206.37150    -15.11000     -0.04314      1.00000
FN4    222.52650     -3.83000     -0.22826      1.00000
FN4    220.86150    -15.83000     -0.00526      1.00000
FN4    206.28150    -16.44500     -0.02490      1.00000
FN4    215.11650     -4.31000     -0.14229      1.00000
FN4    218.52150    -17.25500     -0.11504      1.00000
FN4    213.64650    -17.36000     -0.01477      1.00000
FN4    219.12150    -18.05000     -0.11137      1.00000
FN4    221.52150    -18.92000     -0.17021      1.00000
FN4    222.91650    -19.40000     -0.13169      1.00000
FN4    215.38650    -21.14000     -0.02353      1.00000
FN4    220.80150    -21.17000     -0.14831      1.00000
FN4    206.94150    -21.87500     -0.01843      1.00000
FN4    210.69150    -21.99500      0.06504      0.97692
FN4    207.67650    -22.65500     -0.05804      1.00000
FN4    214.27650    -23.45000      0.02322      1.00000
FN4    211.75650    -27.71000     -0.05493      1.00000
FN4    211.65150    -29.06000      0.05365      1.00000
FN4    218.46150    -29.72000     -0.05474      0.92457
FN4    206.04150    -29.85500     -0.00971      1.00000
FN4    217.59150     -5.75000     -0.09900      1.00000
FN3    211.54650     27.50000     -0.08580      1.00000
FN3    214.12650     26.69000     -0.12281      1.00000
FN3    211.27650     25.91000     -0.05160      1.00000
FN3    208.93650     21.11000     -0.08006      1.00000
FN3    211.65150     21.06500     -0.07689      1.00000
FN3    217.05150     20.37500     -0.15493      1.00000
FN3    218.17650     17.93000     -0.10757      1.00000
FN3    222.33150     17.75000     -0.10723      1.00000
FN3    221.49150     17.42000     -0.10905      1.00000
FN3    217.54650     29.15000     -0.15221      1.00000
FN3    206.19150     14.82500     -0.06204      1.00000
FN3    211.02150     12.84500     -0.09089      1.00000
FN3    205.56150     12.77000     -0.08958      1.00000
FN3    218.07150     28.29500     -0.16709      1.00000
FN3    213.49650      9.42500     -0.08027      1.00000
FN3    212.17650      8.54000     -0.08747      1.00000
FN3    210.09150      4.04000     -0.02496      1.00000
FN3    211.62150      3.62000     -0.10148      1.00000
FN3    215.95650      3.42500      0.00114      1.00000
FN3    213.99150     30.26000     -0.12502      1.00000
FN3    208.81650     30.18500     -0.11584      1.00000
FN3    206.94150     27.89000     -0.09804      1.00000
FN3    208.65150     27.80000     -0.11439      1.00000
FN3    211.77150     27.26000     -0.10115      1.00000
FN3    210.52650     26.91500     -0.11917      1.00000
FN3    209.26650     26.28500     -0.09923      1.00000
FN3    213.33150     26.13500     -0.08973      1.00000
FN3    218.97150     25.79000     -0.13272      1.00000
FN3    207.30150     25.76000     -0.10224      1.00000
FN3    215.89650     23.49500     -0.05412      1.00000
FN3    217.90650     23.25500     -0.11371      1.00000
FN3    206.65650     22.76000     -0.09418      1.00000
FN3    215.34150     22.25000     -0.14071      1.00000
FN3    216.58650     22.95500     -0.11090      1.00000
FN3    211.98150     21.72500     -0.16221      1.00000
FN3    207.97650     20.72000     -0.08783      1.00000
FN3    209.95650     20.43500     -0.11964      1.00000
FN3    216.04650     19.92500     -0.09819      1.00000
FN3    213.07650     19.44500     -0.07588      1.00000
FN3    218.38650     17.81000     -0.10074      1.00000
FN3    217.68150     16.82000     -0.06692      1.00000
FN3    212.01150     16.04000     -0.16745      0.98664
FN3    209.05650     16.05500     -0.07219      1.00000
FN3    221.16150     15.62000     -0.05352      1.00000
FN3    206.34150     13.49000     -0.18991      0.78528
FN3    217.57650     11.12000     -0.05683      1.00000
FN3    218.10150     10.28000     -0.08724      1.00000
FN3    211.57650      9.47000     -0.07273      1.00000
FN3    208.50150      9.08000      0.03257      0.72400
FN3    214.15650      8.66000     -0.09213      1.00000
FN3    211.32150      7.88000     -0.15244      1.00000
FN3    218.10150      7.82000     -0.11278      1.00000
FN3    219.31650      7.70000     -0.10645      1.00000
FN3    210.79650      5.46500      0.01151      1.00000
FN3    208.96650      3.08000     -0.11659      1.00000
FN3    211.68150      3.02000     -0.04770      1.00000
FN3    215.89650      2.96000     -0.02043      1.00000
FN3    214.77150      2.88500      0.00265      1.00000
FN3    217.09650      2.37500      0.01463      1.00000
FN3    212.43150     29.82500     -0.10403      1.00000
FN3    205.68150     26.84000     -0.10078      1.00000
FN3    209.14650     26.67500     -0.08895      1.00000
FN3    209.74650     25.26500     -0.09521      1.00000
FN3    220.95150     25.19000     -0.16401      1.00000
FN3    210.37650     23.33000     -0.14059      1.00000
FN3    207.84150     22.55000     -0.19289      0.75875
FN3    218.73150     21.84500     -0.12018      1.00000
FN3    210.88650     20.88500     -0.16588      1.00000
FN3    212.07150     18.66500     -0.07446      1.00000
FN3    217.35150     17.51000     -0.11174      1.00000
FN3    208.95150     17.60000     -0.09235      1.00000
FN3    205.96650     16.16000     -0.05506      1.00000
FN3    220.63650     15.92000     -0.09382      1.00000
FN3    210.39150     15.78500     -0.11595      1.00000
FN3    210.22650     13.58000     -0.07574      1.00000
FN3    208.08150     13.19000     -0.03115      0.88471
FN3    206.86650     11.94500     -0.07101      1.00000
FN3    210.49650     10.11500     -0.12644      1.00000
FN3    209.91150      7.34000     -0.03722      1.00000
FN3    210.36150      5.96000     -0.06443      1.00000
FN3    216.73650      3.47000      0.00949      1.00000
FN3    213.06150     18.90500     -0.05743      1.00000
FN3    220.33650     18.75500     -0.16880      1.00000
FN2    184.67550    122.69000     -0.83865      1.00000
FN2    183.04050    120.33500     -0.80967      1.00000
FN2    181.04550    119.49500     -0.81431      1.00000
FN2    178.06050    116.27000     -0.88998      1.00000
FN2    184.46550    115.52000     -0.81013      1.00000
FN2    179.02050    113.84000     -0.75988      1.00000
FN2    181.72050    113.60000     -0.81220      1.00000
FN2    186.80550    112.23500     -0.81251      1.00000
FN2    186.77550    110.70500     -0.81169      1.00000
FN2    176.87550    109.71500     -0.84585      1.00000
FN2    174.44550    109.65500     -0.70080      1.00000
FN2    182.17050    125.58500     -0.81279      1.00000
FN2    176.62050    108.63500     -0.65545      1.00000
FN2    176.21550    106.67000     -0.63461      1.00000
FN2    196.69050    106.65500     -0.45024      1.00000
FN2    172.30050    106.50500     -0.55394      1.00000
FN2    174.19050    104.16500     -0.57055      1.00000
FN2    183.47550    102.87500     -0.73863      1.00000
FN2    171.91050    101.45000     -0.35299      1.00000
FN2    193.39050    101.42000     -0.74868      1.00000
FN2    172.30050    100.85000     -0.36411      1.00000
FN2    190.61550    100.35500     -0.70291      1.00000
FN2    184.12050     98.96000     -0.65939      1.00000
FN2    194.65050     98.73500     -0.72681      1.00000
FN2    175.09050    120.80000     -0.83338      1.00000
FN2    178.34550    120.44000     -0.82015      1.00000
FN2    185.47050    118.92500     -0.72743      0.96366
FN2    176.89050    116.46500     -0.76204      1.00000
FN2    183.37050    115.02500     -0.76255      1.00000
FN2    179.84550    114.12500     -0.66585      0.65828
FN2    192.70050    113.94500     -0.70106      1.00000
FN2    185.35050    113.69000     -0.77429      1.00000
FN2    183.47550    113.31500     -0.69917      0.77127
FN2    176.68050    112.91000     -0.72753      1.00000
FN2    183.07050    112.19000     -0.71993      0.94473
FN2    183.92550    111.89000     -0.82253      1.00000
FN2    174.44550    111.03500     -0.65967      1.00000
FN2    193.07550    110.93000     -0.58794      0.82570
FN2    176.38050    109.26500     -0.63084      0.84992
FN2    179.05050    109.25000     -0.72683      1.00000
FN2    177.31050    124.92500     -0.90752      0.96748
FN2    178.07550    108.35000     -0.78421      1.00000
FN2    188.38050    107.04500     -0.69856      1.00000
FN2    187.37550    122.42000     -0.74262      1.00000
FN2    188.72550    106.28000     -0.76379      1.00000
FN2    186.20550    105.75500     -0.70071      1.00000
FN2    186.98550    105.56000     -0.70396      1.00000
FN2    188.21550    105.50000     -0.81460      1.00000
FN2    184.61550    104.64500     -0.70858      1.00000
FN2    181.66050    122.09000     -0.78709      1.00000
FN2    182.98050    102.29000     -0.70914      1.00000
FN2    181.00050    101.45000     -0.73476      1.00000
FN2    183.01050    101.06000     -0.64987      1.00000
FN2    192.83550    100.19000     -0.63666      1.00000
FN2    199.21050     98.45000     -0.56299      0.77884
FN2    193.79550     98.24000     -0.75388      1.00000
FN2    178.00050     98.22500     -0.53549      1.00000
FN2    186.91050    122.45000     -0.80094      1.00000
FN2    173.90550    120.87500     -0.84875      1.00000
FN2    178.52550    120.50000     -0.87076      1.00000
FN2    172.25550    120.47000     -0.73856      0.82939
FN2    187.19550    119.30000     -0.75385      1.00000
FN2    177.16050    117.21500     -0.80807      1.00000
FN2    183.85050    116.64500     -0.83034      1.00000
FN2    173.27550    116.33000     -0.73750      1.00000
FN2    191.62050    114.98000     -0.68399      1.00000
FN2    180.11550    114.27500     -0.78474      1.00000
FN2    173.35050    113.61500     -0.65901      1.00000
FN2    188.72550    113.48000     -0.76622      1.00000
FN2    178.01550    113.48000     -0.76399      1.00000
FN2    173.33550    112.49000     -0.74706      1.00000
FN2    190.66050    111.72500     -0.73112      1.00000
FN2    178.40550    124.74500     -0.81430      1.00000
FN2    177.67050    123.87500     -0.90341      1.00000
FN2    197.26050    104.73500     -0.69322      0.66776
FN2    195.26550    103.91000     -0.63846      1.00000
FN2    184.00050    103.68500     -0.71485      1.00000
FN2    197.27550    103.50500     -0.64210      1.00000
FN2    190.70550    100.89500     -0.60737      0.79437
FN2    192.29550    100.67000     -0.70848      1.00000
FN2    187.91550     99.54500     -0.71349      1.00000
FN2    196.55550     99.03500     -0.69640      1.00000
FN2    186.38550     98.58500     -0.67295      1.00000
FN2    193.24050     98.24000     -0.70383      1.00000
FN2    191.62050     98.10500     -0.70085      1.00000
FN2    195.94050     98.04500     -0.65959      1.00000
FN2    180.53550    126.11000     -0.80860      1.00000
FN2    176.35050    122.67500     -0.79115      1.00000
FN2    190.75050    117.12500     -0.80516      0.91591
FN2    172.51050    115.59500     -0.81654      0.84637
FN2    174.92550    115.07000     -0.70714      1.00000
FN2    175.99050    114.95000     -0.79871      1.00000
FN2    186.43050    114.81500     -0.73360      1.00000
FN2    184.01550    113.84000     -0.79357      1.00000
FN2    184.39050    112.47500     -0.73220      1.00000
FN2    173.92050    111.66500     -0.73200      1.00000
FN2    179.71050    110.34500     -0.73191      1.00000
FN2    188.71050    110.28500     -0.73237      1.00000
FN2    190.90050    109.26500     -0.68247      1.00000
FN2    190.49550    107.30000     -0.72688      1.00000
FN2    181.04550    107.09000     -0.80137      1.00000
FN2    178.30050    106.41500     -0.66034      1.00000
FN2    184.60050    105.24500     -0.70727      1.00000
FN2    191.47050    105.05000     -0.75497      1.00000
FN2    188.47050    104.79500     -0.76109      1.00000
FN2    186.59550    103.23500     -0.66103      1.00000
FN2    178.48050    100.61000     -0.58747      1.00000
FN2    188.66550     98.85500     -0.68612      1.00000
FN2    178.16550     97.95500     -0.46700      0.86708
FN1    154.56450    154.20000     -0.16749      1.00000
FN1    150.72450    152.61000     -0.06058      1.00000
FN1    138.73950    151.45500     -0.20645      1.00000
FN1    162.87450    150.39000     -0.25568      1.00000
FN1    156.81450    149.59500     -0.17424      1.00000
FN1    161.76450    149.07000     -0.24241      1.00000
FN1    153.34950    147.88500     -0.03130      1.00000
FN1    146.79450    147.34500     -0.07790      1.00000
FN1    149.22450    147.18000      0.00529      1.00000
FN1    159.33450    147.09000     -0.14277      1.00000
FN1    155.97450    146.64000     -0.12173      1.00000
FN1    141.84450    157.32000     -0.11991      1.00000
FN1    157.26450    143.98500     -0.12738      1.00000
FN1    140.50950    143.88000     -0.06274      1.00000
FN1    144.13950    156.96000     -0.09974      1.00000
FN1    144.63450    143.26500     -0.07608      1.00000
FN1    159.58950    156.54000     -0.28982      1.00000
FN1    160.72950    142.87500     -0.13705      1.00000
FN1    142.30950    142.65000     -0.20437      1.00000
FN1    139.03950    142.38000     -0.08327      1.00000
FN1    166.38450    141.97500     -0.18326      1.00000
FN1    156.42450    141.91500     -0.11366      1.00000
FN1    157.15950    141.82500     -0.10428      1.00000
FN1    152.14950    141.63000     -0.14171      1.00000
FN1    144.76950    141.46500      0.07387      1.00000
FN1    153.85950    140.61000     -0.11961      1.00000
FN1    148.56450    140.55000     -0.08042      1.00000
FN1    164.23950    140.61000     -0.12314      1.00000
FN1    140.52450    140.49000     -0.12115      1.00000
FN1    143.61450    139.68000     -0.12265      1.00000
FN1    163.51950    139.74000     -0.12762      1.00000
FN1    146.07450    139.69500     -0.11039      1.00000
FN1    165.36450    138.96000     -0.14192      1.00000
FN1    149.82450    138.85500     -0.10822      1.00000
FN1    150.73950    137.25000      0.00883      1.00000
FN1    159.70950    136.71000     -0.14144      1.00000
FN1    158.07450    136.33500     -0.13681      1.00000
FN1    143.41950    135.63000     -0.05829      1.00000
FN1    152.59950    135.19500     -0.14474      1.00000
FN1    153.33450    134.73000     -0.12751      1.00000
FN1    141.22950    134.04000     -0.16502      1.00000
FN1    162.99450    133.08000     -0.13507      1.00000
FN1    140.28450    132.66000     -0.04341      1.00000
FN1    163.60950    131.50500     -0.13249      1.00000
FN1    149.89950    130.09500     -0.01005      1.00000
FN1    156.70950    156.12000     -0.27715      1.00000
FN1    151.84950    155.35500     -0.13313      1.00000
FN1    140.04450    153.96000     -0.11847      1.00000
FN1    158.32950    153.85500     -0.26039      1.00000
FN1    148.92450    152.80500     -0.10857      1.00000
FN1    139.96950    152.05500     -0.13154      1.00000
FN1    150.39450    152.04000     -0.13909      1.00000
FN1    143.86950    151.66500     -0.12549      1.00000
FN1    142.48950    151.47000     -0.15534      1.00000
FN1    164.58450    150.28500     -0.32561      0.88916
FN1    146.11950    150.21000     -0.15377      0.89120
FN1    154.54950    149.59500     -0.15279      1.00000
FN1    157.03950    148.83000     -0.08093      1.00000
FN1    144.75450    148.62000     -0.17533      0.73220
FN1    142.06950    147.67500     -0.21566      1.00000
FN1    154.23450    147.06000     -0.12197      1.00000
FN1    162.37950    146.23500     -0.26623      1.00000
FN1    157.02450    146.16000     -0.14351      1.00000
FN1    158.37450    145.56000     -0.08461      1.00000
FN1    142.29450    144.96000     -0.11587      1.00000
FN1    146.73450    144.52500     -0.14058      0.77118
FN1    145.80450    144.07500     -0.11778      1.00000
FN1    160.26450    143.94000     -0.03749      0.92477
FN1    159.93450    142.89000     -0.13972      1.00000
FN1    147.66450    141.51000     -0.12511      1.00000
FN1    158.73450    141.43500     -0.18780      1.00000
FN1    153.99450    158.07000     -0.19584      1.00000
FN1    166.21950    141.00000     -0.15461      1.00000
FN1    144.03450    138.84000     -0.17393      0.90595
FN1    138.76950    138.33000      0.00660      0.67970
FN1    153.22950    137.74500     -0.19961      0.81396
FN1    165.39450    137.26500     -0.10790      1.00000
FN1    154.47450    136.11000     -0.13525      1.00000
FN1    163.08450    133.90500     -0.09142      1.00000
FN1    162.78450    132.30000     -0.12798      1.00000
FN1    156.72450    131.50500     -0.01210      0.69380
FN1    161.67450    130.98000     -0.13129      1.00000
FN1    154.24950    154.53000     -0.19939      1.00000
FN1    158.14950    154.14000     -0.24742      1.00000
FN1    156.73950    153.91500     -0.16408      0.93384
FN1    147.90450    153.72000     -0.13783      1.00000
FN1    160.39950    152.67000     -0.25950      1.00000
FN1    159.04950    151.09500     -0.22478      1.00000
FN1    148.00950    150.85500     -0.10812      1.00000
FN1    156.34950    150.15000     -0.25040      0.70744
FN1    150.06450    150.06000      0.01713      0.76403
FN1    140.23950    149.37000     -0.06213      0.64832
FN1    157.29450    148.12500     -0.13373      1.00000
FN1    147.66450    147.54000     -0.10857      1.00000
FN1    144.61950    147.22500     -0.14756      1.00000
FN1    156.57450    147.43500     -0.13341      1.00000
FN1    161.01450    146.98500     -0.20736      1.00000
FN1    160.08450    146.53500     -0.18057      1.00000
FN1    143.32950    145.44000     -0.20885      0.93459
FN1    147.09450    158.16000     -0.17464      1.00000
FN1    138.51450    144.66000     -0.14394      1.00000
FN1    145.98450    144.64500     -0.03421      0.92360
FN1    161.95950    143.98500     -0.17182      1.00000
FN1    139.53450    142.23000     -0.12361      1.00000
FN1    156.03450    141.67500     -0.03136      0.92285
FN1    147.64950    141.55500     -0.13134      1.00000
FN1    138.96450    141.25500     -0.09478      1.00000
FN1    138.54450    156.84000     -0.08812      1.00000
FN1    147.10950    140.40000     -0.11459      1.00000
FN1    154.33950    156.42000     -0.17639      1.00000
FN1    161.95950    139.89000     -0.12796      1.00000
FN1    143.13450    155.95500     -0.11949      1.00000
FN1    144.55950    139.12500     -0.06571      1.00000
FN1    145.26450    139.11000     -0.20614      0.73890
FN1    152.92950    135.79500     -0.24277      0.78881
FN1    147.34950    134.88000     -0.16722      0.73233
FN1    145.47450    133.89000     -0.12591      1.00000
FN1    139.39950    133.65000     -0.12201      1.00000
FN1    155.28450    132.94500     -0.19259      0.76676
FN1    145.57950    132.60000     -0.11724      1.00000
FN1    146.37450    155.20500     -0.16312      1.00000
FN1    160.98450    131.71500     -0.13891      1.00000
FN1    163.42950    131.55000     -0.17758      1.00000
FN1    156.12450    157.96500     -0.30873      1.00000
FN1    147.19950    156.70500     -0.16269      1.00000
FN1    149.73450    156.13500     -0.13185      1.00000
FN1    144.64950    155.43000     -0.11221      1.00000
FN1    139.66950    154.45500     -0.04759      1.00000
FN1    147.43950    151.18500     -0.09013      1.00000
FN1    145.56450    150.19500     -0.08475      1.00000
FN1    139.48950    149.95500     -0.17130      1.00000
FN1    145.66950    148.90500     -0.14646      1.00000
FN1    161.07450    148.00500     -0.25133      1.00000
FN1    163.51950    147.82500     -0.24873      1.00000
FN1    149.70450    146.16000     -0.10602      1.00000
FN1    152.88450    145.03500     -0.09246      1.00000
FN1    162.30450    144.69000     -0.13545      1.00000
FN1    154.80450    144.52500     -0.10651      1.00000
FN1    158.91450    143.91000     -0.14083      1.00000
FN1    164.16450    143.74500     -0.17503      1.00000
FN1    147.73950    157.86000     -0.19116      1.00000
FN1    166.60950    143.53500     -0.26419      0.78634
FN1    139.68450    143.40000     -0.14377      1.00000
FN1    156.58950    143.28000     -0.06044      1.00000
FN1    153.33450    143.02500     -0.08394      1.00000
FN1    166.42950    142.27500     -0.22050      1.00000
FN1    154.11450    142.12500     -0.00585      0.82165
FN1    159.01950    142.11000     -0.08634      1.00000
FN1    159.85950    141.81000     -0.16847      1.00000
FN1    161.91450    141.49500     -0.07845      1.00000
FN1    162.85950    141.19500     -0.15020      1.00000
FN1    154.80450    141.13500     -0.11073      1.00000
FN1    158.41950    157.60500     -0.32591      1.00000
FN1    146.08950    140.67000     -0.15467      1.00000
FN1    139.17450    140.41500     -0.06617      1.00000
FN1    157.89450    140.32500     -0.11194      1.00000
FN1    160.35450    140.34000     -0.07127      1.00000
FN1    165.85950    139.87500     -0.20083      1.00000
FN1    164.10450    139.50000     -0.15518      1.00000
FN1    139.05450    157.57500     -0.06353      1.00000
FN1    165.03450    137.89500     -0.20741      0.93049
FN1    151.39950    137.71500     -0.14799      1.00000
FN1    159.00450    137.07000     -0.13407      1.00000
FN1    150.43950    136.36500     -0.13280      1.00000
FN1    164.76450    136.29000     -0.14355      1.00000
FN1    157.69950    136.27500     -0.10325      1.00000
FN1    160.12950    134.85000     -0.02603      0.76566
FN1    155.50950    134.70000     -0.11908      1.00000
FN1    154.56450    133.30500     -0.15148      1.00000
FN1    160.02450    132.01500     -0.11755      1.00000
FN1    153.06450    131.94000     -0.10057      1.00000
FN1    162.91950    131.76000     -0.15820      1.00000
FN1    142.65450    131.11500     -0.07750      1.00000
FS1   -144.67950    157.14000      0.27110      1.00000
FS1   -139.78950    156.49500      0.24685      1.00000
FS1   -146.17950    155.20500      0.21111      1.00000
FS1   -155.38950    154.38000      0.47574      1.00000
FS1   -155.44950    153.13500      0.39195      1.00000
FS1   -160.62450    152.83500      0.24516      1.00000
FS1   -155.35950    151.09500      0.41588      1.00000
FS1   -151.20450    150.96000      0.37015      1.00000
FS1   -143.85450    150.72000      0.17492      1.00000
FS1   -159.19950    150.81000      0.30318      1.00000
FS1   -146.14950    150.72000      0.18664      1.00000
FS1   -154.09950    150.57000      0.39638      1.00000
FS1   -149.95950    149.50500      0.32318      1.00000
FS1   -160.47450    149.11500      0.35341      1.00000
FS1   -155.49450    148.23000      0.39097      1.00000
FS1   -162.58950    147.27000      0.34521      1.00000
FS1   -146.95950    146.68500      0.05876      1.00000
FS1   -149.53950    145.68000      0.22021      1.00000
FS1   -142.42950    144.55500      0.08410      1.00000
FS1   -151.68450    144.15000      0.23605      1.00000
FS1   -144.00450    143.89500      0.09030      1.00000
FS1   -153.78450    141.96000      0.22059      1.00000
FS1   -138.33450    141.54000     -0.06974      1.00000
FS1   -159.00450    141.57000      0.40641      1.00000
FS1   -146.86950    141.30000      0.07348      1.00000
FS1   -150.34950    140.02500      0.10154      1.00000
FS1   -163.05450    139.11000      0.30578      1.00000
FS1   -153.73950    138.57000      0.16169      1.00000
FS1   -147.46950    138.19500     -0.01625      1.00000
FS1   -165.19950    135.97500      0.31928      1.00000
FS1   -154.56450    135.52500      0.12102      1.00000
FS1   -147.54450    134.88000      0.03280      1.00000
FS1   -143.14950    132.66000     -0.10480      1.00000
FS1   -158.22450    132.21000      0.17336      1.00000
FS1   -160.26450    130.06500      0.19647      1.00000
FS1   -138.64950    154.83000      0.14560      0.97901
FS1   -139.56450    154.78500      0.33527      0.86098
FS1   -156.24450    154.35000      0.39162      1.00000
FS1   -148.89450    151.80000      0.30209      1.00000
FS1   -160.36950    151.35000      0.41091      0.78081
FS1   -140.52450    150.76500      0.15332      1.00000
FS1   -146.79450    150.60000      0.28181      0.92796
FS1   -155.01450    150.40500      0.39141      1.00000
FS1   -162.46950    149.98500      0.41533      0.89384
FS1   -158.22450    149.83500      0.39450      1.00000
FS1   -156.51450    149.19000      0.33466      1.00000
FS1   -143.40450    148.45500      0.16502      1.00000
FS1   -157.93950    148.32000      0.38894      1.00000
FS1   -142.33950    147.03000      0.04959      1.00000
FS1   -149.23950    146.50500      0.31565      0.78645
FS1   -154.83450    145.51500      0.43707      0.68357
FS1   -141.63450    145.41000      0.08085      1.00000
FS1   -144.30450    145.15500      0.13043      1.00000
FS1   -142.92450    145.06500      0.08741      1.00000
FS1   -160.23450    143.79000      0.36941      1.00000
FS1   -163.69950    142.54500      0.31054      1.00000
FS1   -157.60950    142.36500      0.32712      1.00000
FS1   -156.03450    142.35000      0.31737      1.00000
FS1   -148.86450    141.57000      0.13751      1.00000
FS1   -140.86950    140.86500     -0.00339      1.00000
FS1   -163.62450    140.74500      0.34508      1.00000
FS1   -148.62450    140.19000      0.11468      1.00000
FS1   -154.51950    157.08000      0.38477      1.00000
FS1   -144.70950    138.78000     -0.04569      1.00000
FS1   -139.83450    138.15000      0.00754      1.00000
FS1   -163.11450    136.83000      0.36080      1.00000
FS1   -147.58950    136.81500     -0.04657      1.00000
FS1   -155.43450    136.02000      0.26337      0.73176
FS1   -155.49450    134.77500      0.13278      1.00000
FS1   -160.66950    134.46000      0.17151      1.00000
FS1   -155.40450    132.73500      0.09701      1.00000
FS1   -151.23450    132.60000      0.07750      1.00000
FS1   -146.19450    132.36000     -0.10785      0.92844
FS1   -154.12950    132.21000      0.08803      1.00000
FS1   -157.27950    132.21000      0.13326      1.00000
FS1   -149.98950    131.14500     -0.00965      1.00000
FS1   -160.51950    130.77000      0.12612      1.00000
FS1   -155.52450    129.90000      0.09972      1.00000
FS1   -149.43450    152.94000      0.37688      1.00000
FS1   -140.74950    152.86500      0.25588      1.00000
FS1   -139.41450    151.36500      0.17596      1.00000
FS1   -163.50450    150.09000      0.47141      0.95548
FS1   -138.27450    148.65000      0.08323      1.00000
FS1   -142.09950    148.35000      0.18258      1.00000
FS1   -140.55450    147.99000      0.09267      1.00000
FS1   -159.73950    145.41000      0.43144      1.00000
FS1   -141.76950    144.81000      0.11950      1.00000
FS1   -153.73950    144.40500      0.36251      1.00000
FS1   -147.82950    143.41500      0.21475      0.94017
FS1   -149.35950    143.20500      0.24649      1.00000
FS1   -159.04950    140.91000      0.38046      1.00000
FS1   -157.96950    139.62000      0.32686      1.00000
FS1   -149.58450    139.75500      0.15308      1.00000
FS1   -154.81950    139.77000      0.30030      1.00000
FS1   -148.84950    139.29000      0.08354      1.00000
FS1   -156.72450    138.78000      0.21373      1.00000
FS1   -155.82450    138.58500      0.27255      1.00000
FS1   -141.16950    138.48000      0.01097      1.00000
FS1   -161.23950    138.21000      0.36589      1.00000
FS1   -141.22950    137.23500      0.00403      1.00000
FS1   -153.31950    157.44000      0.45077      1.00000
FS1   -141.13950    135.21000     -0.05545      1.00000
FS1   -144.96450    134.92500     -0.01669      1.00000
FS1   -152.70450    134.68500      0.14217      1.00000
FS1   -139.86450    134.67000     -0.09959      1.00000
FS1   -139.53450    132.91500     -0.02826      1.00000
FS1   -161.25450    132.36000      0.21431      1.00000
FS1   -141.25950    132.33000     -0.07429      1.00000
FS1   -148.35450    131.37000      0.01335      1.00000
FS1   -154.57950    129.93000      0.04712      1.00000
FS1   -141.18450    153.75000      0.23459      1.00000
FS1   -139.50450    149.44500      0.03553      0.89717
FS1   -162.33450    142.00500      0.39599      1.00000
FS1   -156.30450    138.84000      0.22065      1.00000
FS1   -150.93450    136.59000      0.09482      1.00000
FS1   -143.85450    136.48500      0.03633      1.00000
FS1   -158.38950    136.47000      0.29972      1.00000
FS1   -140.28450    136.14000     -0.07907      1.00000
FS1   -138.84450    133.53000     -0.08823      1.00000
FS1   -143.95950    132.82500     -0.02445      1.00000
FS1   -156.01950    132.25500      0.01392      0.77354
FS1   -144.12450    131.80500     -0.10621      1.00000
FS2   -184.03050    123.60500      0.11913      1.00000
FS2   -180.73050    123.30500      0.12504      1.00000
FS2   -188.15550    120.90500      0.14869      1.00000
FS2   -175.66050    120.69500      0.03835      1.00000
FS2   -174.10050    120.26000      0.05194      1.00000
FS2   -188.24550    119.61500      0.14096      1.00000
FS2   -187.79550    118.65500      0.14645      1.00000
FS2   -178.82550    117.50000      0.05281      1.00000
FS2   -190.72050    117.33500      0.15761      1.00000
FS2   -184.48050    115.34000      0.10986      1.00000
FS2   -182.23050    113.76500      0.09668      1.00000
FS2   -174.31050    113.37500      0.05429      1.00000
FS2   -191.77050    113.30000      0.38057      1.00000
FS2   -188.72550    113.25500      0.30540      1.00000
FS2   -172.82550    113.66000      0.00044      1.00000
FS2   -194.69550    112.35500      0.27496      1.00000
FS2   -193.01550    109.95500      0.07137      1.00000
FS2   -172.13550    108.47000      0.00105      1.00000
FS2   -181.97550    108.38000      0.04800      1.00000
FS2   -174.14550    107.73500      0.04233      1.00000
FS2   -172.42050    107.33000      0.00388      1.00000
FS2   -197.59050    107.13500      0.01978      1.00000
FS2   -190.91550    106.71500      0.01605      1.00000
FS2   -189.89550    106.49000     -0.06443      1.00000
FS2   -171.80550    105.89000      0.27301      1.00000
FS2   -192.14550    105.12500      0.01269      1.00000
FS2   -192.92550    102.66500      0.31832      1.00000
FS2   -196.21050    102.35000      0.08518      1.00000
FS2   -181.03050    102.24500      0.05038      1.00000
FS2   -183.83550    101.34500     -0.06264      1.00000
FS2   -194.00550    101.12000     -0.18443      1.00000
FS2   -194.84550    100.73000     -0.01452      1.00000
FS2   -172.13550    100.28000      0.04679      1.00000
FS2   -174.65550    100.16000      0.05351      1.00000
FS2   -192.40050     99.26000      0.12788      1.00000
FS2   -173.18550     98.51000      0.04266      1.00000
FS2   -175.60050     98.43500      0.08175      1.00000
FS2   -184.60050     97.73000     -0.12246      1.00000
FS2   -172.12050    123.96500     -0.00506      1.00000
FS2   -176.87550    123.08000      0.04573      1.00000
FS2   -183.04050    121.83500      0.10847      1.00000
FS2   -172.21050    121.55000      0.00653      1.00000
FS2   -189.20550    120.78500      0.08371      1.00000
FS2   -180.85050    120.20000      0.02263      1.00000
FS2   -177.83550    119.67500      0.03626      1.00000
FS2   -190.21050    119.37500      0.14948      1.00000
FS2   -192.17550    117.26000      0.20584      1.00000
FS2   -189.92550    117.17000      0.16239      1.00000
FS2   -172.55550    116.57000      0.03400      1.00000
FS2   -185.15550    116.36000      0.10916      1.00000
FS2   -182.36550    114.89000      0.05824      1.00000
FS2   -174.34050    114.06500     -0.09081      0.68173
FS2   -174.86550    112.52000      0.06393      1.00000
FS2   -192.16050    112.04000      0.15244      0.71378
FS2   -194.00550    111.56000      0.23087      1.00000
FS2   -182.21550    110.97500      0.09677      1.00000
FS2   -179.33550    124.56500      0.06474      1.00000
FS2   -173.78550    109.76000      0.03006      1.00000
FS2   -175.64550    109.37000      0.04670      1.00000
FS2   -179.23050    109.32500      0.08837      1.00000
FS2   -173.08050    108.68000     -0.02337      1.00000
FS2   -187.00050    108.62000     -0.05586      0.73099
FS2   -188.11050    108.38000      0.11003      1.00000
FS2   -173.72550    107.91500      0.00222      1.00000
FS2   -187.55550    107.78000      0.13900      0.84577
FS2   -192.58050    107.73500      0.06501      1.00000
FS2   -185.95050    107.58500      0.08127      1.00000
FS2   -190.94550    107.06000      0.07168      1.00000
FS2   -189.43050    106.22000      0.04936      1.00000
FS2   -192.34050    105.36500      0.14923      0.73591
FS2   -184.04550    105.21500     -0.05143      1.00000
FS2   -175.33050    105.20000      0.16441      1.00000
FS2   -180.73050    104.91500      0.12925      0.82857
FS2   -199.40550    102.45500      0.12841      0.64432
FS2   -195.29550    102.62000      0.13236      1.00000
FS2   -175.66050    102.30500      0.00302      1.00000
FS2   -188.24550    101.22500      0.06584      1.00000
FS2   -187.79550    100.26500      0.06475      1.00000
FS2   -178.81050     99.11000      0.05503      1.00000
FS2   -190.72050     98.93000      0.11443      1.00000
FS2   -186.43050    124.19000      0.14074      1.00000
FS2   -174.94050    123.27500      0.00034      1.00000
FS2   -175.63050    119.66000      0.03896      1.00000
FS2   -188.74050    117.11000      0.11070      1.00000
FS2   -190.03050    115.86500      0.14135      1.00000
FS2   -177.77550    115.85000      0.13706      0.64967
FS2   -185.32050    115.77500      0.07434      1.00000
FS2   -177.86550    114.53000      0.03705      1.00000
FS2   -179.72550    114.03500      0.02006      1.00000
FS2   -171.67050    110.06000      0.00113      1.00000
FS2   -192.46050    108.93500      0.12707      1.00000
FS2   -183.22050    108.80000      0.12493      1.00000
FS2   -182.87550    107.40500      0.05560      1.00000
FS2   -196.54050    104.79500      0.05781      1.00000
FS2   -190.25550    104.75000      0.11919      0.65482
FS2   -198.17550    104.28500      0.12593      1.00000
FS2   -173.51550    102.74000      0.05371      1.00000
FS2   -179.57550    102.05000      0.01423      1.00000
FS2   -178.01550    102.08000     -0.01203      1.00000
FS2   -194.93550    101.97500     -0.01856      1.00000
FS2   -176.42550    101.42000     -0.00033      1.00000
FS2   -199.72050    101.01500      0.09235      1.00000
FS2   -181.85550    100.31000     -0.06656      1.00000
FS2   -182.06550     99.03500     -0.12129      0.78856
FS2   -182.87550    123.96500      0.07498      1.00000
FS2   -183.95550    122.87000      0.05443      1.00000
FS2   -181.01550    121.65500      0.06806      1.00000
FS2   -185.11050    121.49000      0.06488      1.00000
FS2   -173.87550    121.55000      0.09307      1.00000
FS2   -187.57050    120.36500      0.17499      1.00000
FS2   -173.51550    119.28500      0.02919      1.00000
FS2   -188.00550    118.16000      0.16618      1.00000
FS2   -187.61550    117.29000      0.13508      1.00000
FS2   -181.88550    116.81000      0.16369      0.91436
FS2   -190.52550    113.13500      0.16696      0.76259
FS2   -183.22050    125.34500      0.17620      1.00000
FS2   -182.15550    108.26000      0.09618      1.00000
FS2   -197.42550    105.86000      0.12556      1.00000
FS2   -181.91550    102.98000      0.06573      1.00000
FS2   -185.15550    101.31500      0.02734      1.00000
FS2   -194.71050     98.58500      0.08959      0.73011
FS2   -198.47550     97.71500     -0.00128      1.00000
FS3   -209.10150     30.35000     -0.12887      1.00000
FS3   -218.40150     23.07500      0.01995      1.00000
FS3   -213.45150     21.54500     -0.01623      1.00000
FS3   -209.67150     19.55000     -0.04124      1.00000
FS3   -211.36650     18.86000     -0.10858      1.00000
FS3   -210.37650     15.08000     -0.00416      1.00000
FS3   -210.99150     12.41000     -0.15409      1.00000
FS3   -212.62650     11.96000     -0.15277      1.00000
FS3   -219.60150     30.06500     -0.03865      1.00000
FS3   -208.98150     10.71500     -0.03786      1.00000
FS3   -220.53150      9.33500     -0.03672      1.00000
FS3   -206.32650     28.01000     -0.07399      1.00000
FS3   -211.71150     28.10000     -0.02577      1.00000
FS3   -216.85650      7.22000     -0.09647      1.00000
FS3   -222.79650      6.95000      0.00096      1.00000
FS3   -219.69150      5.36000     -0.11929      1.00000
FS3   -212.26650      4.58000     -0.08821      1.00000
FS3   -220.72650      3.53000     -0.03031      1.00000
FS3   -211.99650      3.03500     -0.03737      1.00000
FS3   -208.36650     29.60000     -0.05822      1.00000
FS3   -206.50650     29.36000     -0.10489      1.00000
FS3   -215.46150     28.83500      0.02046      1.00000
FS3   -221.55150     26.64500      0.00667      1.00000
FS3   -205.89150     22.43000     -0.03586      1.00000
FS3   -212.89650     21.36500     -0.05346      1.00000
FS3   -218.10150     19.61000     -0.11720      0.93507
FS3   -212.86650     19.50500     -0.14409      0.97494
FS3   -219.12150     17.42000     -0.12418      0.92179
FS3   -219.28650     15.27500     -0.06297      1.00000
FS3   -209.98650     13.77500     -0.11292      1.00000
FS3   -210.73650     12.81500     -0.11016      1.00000
FS3   -206.50650     12.53000     -0.02146      1.00000
FS3   -213.73650     10.44500     -0.21752      0.92738
FS3   -206.28150      9.62000     -0.14529      1.00000
FS3   -221.74650      5.45000     -0.07806      1.00000
FS3   -218.35650      4.67000     -0.18516      0.80817
FS3   -216.72150     28.20500      0.08062      0.93564
FS3   -213.87150     26.48000     -0.10583      0.82771
FS3   -214.32150     25.17500      0.03890      1.00000
FS3   -208.90650     21.02000     -0.04473      1.00000
FS3   -209.41650     19.58000     -0.07549      1.00000
FS3   -212.35650     19.05500     -0.07243      1.00000
FS3   -216.45150     19.13000     -0.03890      1.00000
FS3   -215.02650     30.42500     -0.02398      1.00000
FS3   -214.95150     18.51500     -0.01238      0.98284
FS3   -211.42650     15.66500     -0.07090      1.00000
FS3   -215.34150     15.45500     -0.15561      1.00000
FS3   -219.15150     15.20000     -0.02988      1.00000
FS3   -214.81650     14.31500     -0.03678      0.61912
FS3   -213.57150     30.17000     -0.05144      1.00000
FS3   -205.30650     14.15000     -0.05071      1.00000
FS3   -220.71150     29.21000     -0.03080      1.00000
FS3   -222.13650      8.78000     -0.09215      1.00000
FS3   -207.28650     29.10500     -0.08497      1.00000
FS3   -215.22150      4.62500     -0.18242      0.96253
FS3   -217.99650      3.62000     -0.08973      1.00000
FS3   -218.47650      2.57000     -0.13775      1.00000
FS3   -212.46150     25.77500     -0.06877      1.00000
FS3   -214.08150     24.63500     -0.08271      1.00000
FS3   -213.25650     23.93000     -0.10678      0.96164
FS3   -221.52150     23.78000     -0.11233      0.84081
FS3   -211.74150     22.82000     -0.08154      1.00000
FS3   -215.25150     21.18500     -0.05831      1.00000
FS3   -218.02650     20.16500     -0.09482      1.00000
FS3   -218.50650     19.13000     -0.11973      1.00000
FS3   -207.94650     16.38500     -0.06816      1.00000
FS3   -208.60650     13.92500      0.02561      0.83948
FS3   -220.30650     13.35500     -0.14363      0.92170
FS3   -213.22650     11.46500     -0.19705      1.00000
FS3   -221.95650     11.34500     -0.02410      1.00000
FS3   -212.50650     11.27000     -0.08907      1.00000
FS3   -206.26650      9.95000     -0.10753      1.00000
FS3   -209.47650     29.67500     -0.01905      1.00000
FS3   -222.64650      8.15000     -0.09966      1.00000
FS3   -208.51650      7.56500     -0.12641      1.00000
FS3   -221.83650      7.17500     -0.13481      0.87385
FS3   -218.49150      6.57500     -0.18359      1.00000
FS3   -207.79650      5.49500     -0.06531      1.00000
FS3   -218.05650      4.14500     -0.16272      1.00000
FS3   -206.44650      4.16000     -0.16623      0.91488
FS4   -208.87650     -5.93000      0.02528      1.00000
FS4   -212.49150     -6.57500      0.06767      1.00000
FS4   -217.99650     -7.59500     -0.02626      1.00000
FS4   -206.14650    -11.30000     -0.08421      1.00000
FS4   -221.92650    -11.45000     -0.09208      1.00000
FS4   -218.28150    -12.35000     -0.02167      1.00000
FS4   -210.51150    -13.55000     -0.03671      1.00000
FS4   -215.67150    -17.81000     -0.08663      1.00000
FS4   -205.68150    -17.94500      0.05810      1.00000
FS4   -206.73150    -18.69500     -0.14120      1.00000
FS4   -220.90650    -18.96500     -0.10397      1.00000
FS4   -216.07650    -19.89500     -0.00254      1.00000
FS4   -214.95150    -22.14500     -0.11628      1.00000
FS4   -213.10650    -22.56500     -0.07164      1.00000
FS4   -221.38650    -24.05000     -0.10413      1.00000
FS4   -207.42150    -24.62000     -0.09487      1.00000
FS4   -215.94150    -25.73000     -0.03409      1.00000
FS4   -211.53150    -26.91500      0.01755      1.00000
FS4   -209.49150    -27.71000     -0.02633      1.00000
FS4   -210.06150    -28.13000     -0.08962      1.00000
FS4   -222.46650    -28.44500     -0.17077      1.00000
FS4   -210.66150    -29.00000     -0.03892      1.00000
FS4   -207.85650    -29.63000      0.01844      1.00000
FS4   -218.22150    -30.75500     -0.10024      1.00000
FS4   -218.94150     -6.35000     -0.06434      1.00000
FS4   -215.62650     -6.66500      0.07659      1.00000
FS4   -209.05650     -7.32500     -0.02833      1.00000
FS4   -224.55150     -8.03000     -0.07138      1.00000
FS4   -210.22650     -8.33000     -0.04655      1.00000
FS4   -220.62150     -8.70500     -0.04057      1.00000
FS4   -214.27650     -8.79500     -0.05164      1.00000
FS4   -215.08650     -9.75500      0.01413      1.00000
FS4   -221.35650     -9.72500     -0.03314      1.00000
FS4   -216.94650    -10.82000     -0.03319      1.00000
FS4   -217.26150     -2.55500      0.05062      1.00000
FS4   -213.93150    -12.08000      0.03795      1.00000
FS4   -212.34150    -13.46000     -0.06381      1.00000
FS4   -212.05650    -14.99000      0.02529      1.00000
FS4   -223.36650    -18.45500     -0.03970      1.00000
FS4   -216.18150    -18.77000      0.03378      0.93073
FS4   -212.25150    -18.92000     -0.08718      1.00000
FS4   -224.02650    -18.96500     -0.05408      1.00000
FS4   -221.47650    -20.04500     -0.12647      1.00000
FS4   -207.13650    -20.28500     -0.00329      1.00000
FS4   -223.06650    -20.84000     -0.00292      0.91436
FS4   -223.59150    -23.79500     -0.02799      1.00000
FS4   -208.83150    -24.33500     -0.04122      1.00000
FS4   -207.88650    -24.84500     -0.13722      1.00000
FS4   -217.93650    -26.01500     -0.04963      1.00000
FS4   -206.10150    -29.69000     -0.02280      1.00000
FS4   -221.86650    -29.87000     -0.11878      1.00000
FS4   -216.45150    -29.84000     -0.12058      1.00000
FS4   -205.62150    -30.44000     -0.09265      1.00000
FS4   -222.94650     -4.74500     -0.01586      1.00000
FS4   -211.06650     -5.61500      0.10531      1.00000
FS4   -222.06150     -4.85000     -0.11101      0.97954
FS4   -220.86150     -5.10500      0.00266      1.00000
FS4   -224.26650     -5.18000     -0.07834      1.00000
FS4   -210.27150     -5.54000      0.03336      1.00000
FS4   -223.53150     -5.75000     -0.11428      0.94965
FS4   -224.71650     -6.11000     -0.09932      1.00000
FS4   -206.34150     -6.23000      0.01331      1.00000
FS4   -207.06150     -7.25000     -0.07252      1.00000
FS4   -222.73650     -8.04500     -0.01649      1.00000
FS4   -221.91150     -9.02000     -0.15380      0.72778
FS4   -218.58150     -9.62000     -0.05144      1.00000
FS4   -215.44650     -9.83000      0.01689      1.00000
FS4   -218.14650    -12.06500     -0.03127      1.00000
FS4   -224.55150    -12.95000     -0.04542      1.00000
FS4   -223.75650    -13.28000     -0.10290      1.00000
FS4   -212.20650    -14.37500     -0.11390      0.72956
FS4   -213.69150    -14.90000      0.03244      1.00000
FS4   -223.87650    -15.74000     -0.08317      1.00000
FS4   -207.19650    -17.57000     -0.06454      1.00000
FS4   -216.69150    -17.67500      0.04187      1.00000
FS4   -222.70650    -17.67500     -0.07079      1.00000
FS4   -223.08150    -18.87500     -0.09157      1.00000
FS4   -220.41150     -2.85500     -0.10228      0.82224
FS4   -218.29650    -20.51000     -0.08148      1.00000
FS4   -221.83650    -20.79500     -0.09260      1.00000
FS4   -209.34150    -21.30500     -0.14355      0.90551
FS4   -214.84650    -22.05500     -0.07492      1.00000
FS4   -224.68650    -22.37000     -0.11346      1.00000
FS4   -219.12150    -22.94000     -0.12218      1.00000
FS4   -216.85650    -23.36000     -0.05481      1.00000
FS4   -214.98150    -25.62500      0.04435      0.76796
FS4   -207.58650    -27.39500     -0.06319      1.00000
FS4   -213.60150    -27.48500     -0.07058      1.00000
FS4   -215.28150    -28.38500     -0.12853      1.00000
FS4   -216.91650    -28.71500     -0.05123      1.00000
FS4   -219.25650    -28.70000     -0.04817      1.00000
FS4   -210.37650    -29.28500      0.02806      1.00000
FS4   -222.60150    -29.40500     -0.12199      1.00000
FS4   -215.28150     -3.45500     -0.02236      1.00000
FS4   -217.74150    -30.05000     -0.09936      1.00000
FS4   -216.67650     -3.59000      0.03256      1.00000
FS4   -221.79150    -30.38000     -0.11273      1.00000
FS4   -214.77150    -30.74000     -0.05234      1.00000
FS4   -215.04150     -9.06500      0.08556      0.94354
FS4   -215.34150    -11.81000     -0.02780      1.00000
FS4   -219.31650    -12.12500      0.02114      1.00000
FS4   -216.96150    -12.15500     -0.07187      1.00000
FS4   -210.43650    -12.72500     -0.04913      1.00000
FS4   -222.66150    -12.83000     -0.02413      1.00000
FS4   -211.29150    -16.35500      0.05035      0.97290
FS4   -218.34150     -3.93500      0.02540      1.00000
FS4   -212.52150    -16.74500     -0.07256      1.00000
FS4   -221.88150     -4.22000     -0.03619      1.00000
FS4   -224.38650    -19.13000     -0.11478      1.00000
FS4   -217.86150    -20.46500     -0.05276      1.00000
FS4   -214.65150    -23.03000     -0.00638      1.00000
FS4   -216.60150    -24.93500     -0.07771      1.00000
FS4   -220.96650    -25.52000     -0.10277      1.00000
FS4   -222.10650    -26.07500     -0.12895      1.00000
FS4   -223.95150    -27.12500     -0.00016      0.66586
FS4   -208.17150    -27.81500      0.00002      1.00000
FS4   -209.02650    -29.28500      0.02688      1.00000
FS4   -217.06650    -29.75000     -0.03613      1.00000
FS4   -214.89150     -5.48000      0.02796      1.00000
FS4   -219.16650     -6.38000     -0.02195      1.00000
