FN4    217.20150    -30.90500     -0.13034      0.93922
FN4    209.23650     -5.22500     -0.10894      1.00000
FN4    205.60650     -5.33000      0.01475      1.00000
FN4    215.37150     -6.18500      0.00058      1.00000
FN4    209.58150     -6.50000     -0.01166      1.00000
FN4    206.01150     -6.50000      0.03818      1.00000
FN4    211.44150     -6.86000     -0.00268      1.00000
FN4    216.25650     -6.95000     -0.14730      0.89548
FN4    208.72650     -6.20000     -0.01580      1.00000
FN4    209.86650     -7.71500     -0.02684      1.00000
FN4    205.59150     -8.66000     -0.28217      0.47936
FN4    215.29650     -8.75000      0.01137      1.00000
FN4    216.76650     -9.54500      0.02059      1.00000
FN4    208.36650    -10.80500     -0.05999      1.00000
FN4    211.24650    -10.89500     -0.02111      1.00000
FN4    209.89650    -11.28500      0.08842      1.00000
FN4    214.95150     -2.85500     -0.03921      1.00000
FN4    215.44650    -11.99000      0.00108      1.00000
FN4    208.11150    -11.84000      0.14450      0.86861
FN4    212.37150    -12.24500     -0.06083      1.00000
FN4    219.48150     -2.91500     -0.27495      0.47795
FN4    207.96150    -13.43000     -0.01292      1.00000
FN4    207.15150    -14.13500     -0.16600      0.84344
FN4    208.74150    -14.10500     -0.02603      1.00000
FN4    215.11650    -14.52500     -0.04641      1.00000
FN4    207.82650    -16.26500     -0.05710      1.00000
FN4    211.87650    -16.79000     -0.11062      1.00000
FN4    214.30650    -16.85000     -0.06245      1.00000
FN4    208.00650    -17.34500     -0.05645      1.00000
FN4    212.76150    -17.70500     -0.02363      1.00000
FN4    206.74650    -17.85500     -0.10845      1.00000
FN4    211.84650    -17.88500      0.00179      1.00000
FN4    210.15150    -17.93000     -0.15392      0.90407
FN4    208.86150    -18.17000     -0.03767      1.00000
FN4    210.91650     -3.51500      0.06452      1.00000
FN4    215.88150    -18.63500      0.01832      1.00000
FN4    217.00650    -19.04000     -0.08775      1.00000
FN4    212.31150    -19.38500     -0.19774      0.68480
FN4    210.03150    -19.49000     -0.10895      1.00000
FN4    216.93150    -19.82000     -0.06248      1.00000
FN4    211.47150    -19.97000     -0.06883      1.00000
FN4    218.89650    -20.18000      0.03465      1.00000
FN4    210.36150    -20.37500     -0.05901      1.00000
FN4    208.18650    -21.69500     -0.00629      1.00000
FN4    212.40150    -22.31000     -0.06372      1.00000
FN4    206.76150    -22.55000     -0.19210      0.74254
FN4    206.08650    -22.80500     -0.02365      1.00000
FN4    207.60150    -22.94000     -0.01278      1.00000
FN4    216.15150    -23.36000     -0.05833      1.00000
FN4    216.79650    -22.85000     -0.05430      1.00000
FN4    216.01650    -24.24500      0.00536      1.00000
FN4    209.44650    -25.32500     -0.07569      1.00000
FN4    213.09150    -25.67000     -0.00371      1.00000
FN4    211.65150    -25.65500      0.05784      1.00000
FN4    214.66650    -26.45000      0.21130      0.62622
FN4    211.24650    -26.93000      0.00068      1.00000
FN4    213.84150    -27.06500      0.05078      1.00000
FN4    212.22150    -27.29000      0.00579      1.00000
FN4    211.26150    -28.14500     -0.04343      1.00000
FN4    208.39650    -28.50500     -0.02523      1.00000
FN4    205.96650    -28.61000     -0.05961      1.00000
FN4    207.37650    -28.70000     -0.01935      1.00000
FN4    218.35650    -28.40000      0.11000      1.00000
FN4    210.58650    -28.65500     -0.02683      1.00000
FN4    206.14650     -4.16000     -0.09009      1.00000
FN4    217.62150    -29.13500      0.04604      1.00000
FN4    216.15150    -29.21000     -0.38541      0.33735
FN4    211.26150    -29.30000     -0.02747      1.00000
FN4    208.81650    -29.81000      0.00053      1.00000
FN4    211.60650    -30.11000      0.20864      0.61296
FN4    209.58150    -30.45500      0.00736      1.00000
FN4    215.92650     -4.43000      0.25504      0.51736
FN4    207.72150     -4.67000      0.08334      1.00000
FN4    211.14150     -4.85000     -0.54537      0.24293
FN4    215.52150    -30.03500     -0.00343      1.00000
FN4    212.47650     -4.77500      0.01579      1.00000
FN4    207.37650     -5.28500      0.01167      1.00000
FN4    213.58650     -6.59000     -0.00327      1.00000
FN4    216.16650     -6.59000      0.14782      1.00000
FN4    205.98150     -6.78500      0.07327      1.00000
FN4    208.00650     -6.86000     -0.07955      1.00000
FN4    212.41650     -7.26500     -0.03489      1.00000
FN4    210.58650     -7.59500      0.20133      0.89056
FN4    214.96650     -7.65500      0.05367      1.00000
FN4    218.41650     -8.63000      0.00539      1.00000
FN4    216.45150     -9.05000     -0.00604      1.00000
FN4    205.89150     -9.57500      0.04051      1.00000
FN4    213.94650     -9.59000      0.57119      0.31851
FN4    212.10150     -9.95000      0.03717      1.00000
FN4    209.49150    -10.14500      0.17307      1.00000
FN4    217.92150    -10.23500     -0.05195      1.00000
FN4    207.97650    -10.28000      0.03195      1.00000
FN4    212.08650    -10.97000     -0.00409      1.00000
FN4    205.87650    -12.02000     -0.02124      1.00000
FN4    207.67650    -12.20000     -0.02655      1.00000
FN4    209.79150    -12.38000      0.00460      1.00000
FN4    215.83650    -12.51500     -0.03667      1.00000
FN4    215.13150    -12.87500     -0.01310      1.00000
FN4    219.13650    -12.98000      0.12670      1.00000
FN4    208.02150    -13.52000      0.04233      1.00000
FN4    209.38650    -13.92500      0.00033      1.00000
FN4    218.23650    -14.15000     -0.01978      1.00000
FN4    214.81650    -14.27000     -0.06322      1.00000
FN4    205.84650    -14.40500      0.01845      1.00000
FN4    210.91650    -15.93500     -0.01660      1.00000
FN4    217.36650     -2.52500     -0.01348      1.00000
FN4    211.02150     -3.17000      0.20923      0.86691
FN4    213.33150    -16.85000      0.00081      1.00000
FN4    206.25150     -3.39500      0.06289      1.00000
FN4    212.73150    -17.70500      0.15714      1.00000
FN4    207.67650    -18.77000      0.02627      1.00000
FN4    215.28150    -19.17500      0.01775      1.00000
FN4    206.16150    -19.23500     -0.05310      1.00000
FN4    217.08150    -20.24000     -0.02127      1.00000
FN4    208.32150    -20.51000      0.13150      1.00000
FN4    215.01150    -20.90000     -0.11444      1.00000
FN4    219.54150    -20.96000     -0.25976      0.67631
FN4    210.97650    -21.57500     -0.03273      1.00000
FN4    206.20650    -22.22000     -0.09449      1.00000
FN4    215.98650    -22.49000      0.25013      0.73715
FN4    207.78150    -22.73000      0.09575      1.00000
FN4    211.20150    -22.91000     -0.59524      0.31046
FN4    209.29650    -23.28500     -0.14340      1.00000
FN4    215.43150    -24.24500     -0.01561      1.00000
FN4    208.78650    -24.24500     -0.13319      1.00000
FN4    209.64150    -24.56000      0.00059      1.00000
FN4    211.50150    -24.92000     -0.06332      1.00000
FN4    216.31650    -24.99500     -0.02063      1.00000
FN4    209.94150    -25.77500     -0.05956      1.00000
FN4    205.66650    -26.72000     -0.25717      0.76289
FN4    215.37150    -26.79500      0.00480      1.00000
FN4    211.23150    -27.18500      0.03884      1.00000
FN4    216.82650    -27.60500      0.02077      1.00000
FN4    213.43650    -28.02500     -0.25790      0.71391
FN4    218.61150    -28.83500     -0.09556      1.00000
FN4    208.44150    -28.86500     -0.05264      1.00000
FN4    211.32150    -28.95500     -0.03985      1.00000
FN4    209.95650    -29.34500     -0.04207      1.00000
FN4    208.17150    -29.90000      0.09340      1.00000
FN4    212.43150    -30.30500     -0.11256      1.00000
FN4    218.46150     -4.35500      0.11757      1.00000
FN4    215.43150     -4.55000      0.01836      1.00000
FN3    217.81650     28.79000     -0.03791      1.00000
FN3    216.93150     28.40000      0.06250      1.00000
FN3    206.07150     28.59500     -0.03114      1.00000
FN3    212.34150     28.43000      0.07965      1.00000
FN3    217.56150     27.86000      0.02108      1.00000
FN3    214.51650     27.78500     -0.02838      1.00000
FN3    205.80150     26.58500     -0.01566      1.00000
FN3    218.82150     26.10500      0.14239      0.91173
FN3    217.59150     25.31000     -0.02824      1.00000
FN3    206.07150     24.84500     -0.06663      1.00000
FN3    207.21150     24.78500      0.01353      1.00000
FN3    208.36650     22.89500     -0.01607      1.00000
FN3    210.24150     22.05500      0.02372      1.00000
FN3    213.04650     22.05500      0.08468      1.00000
FN3    209.59650     21.20000      0.00749      1.00000
FN3    207.54150     20.97500      0.03995      1.00000
FN3    214.12650     20.79500     -0.01242      1.00000
FN3    205.96650     19.64000      0.00679      1.00000
FN3    214.29150     19.28000      0.02045      1.00000
FN3    207.40650     19.05500     -0.01660      1.00000
FN3    212.62650     18.96500     -0.05451      1.00000
FN3    209.16150     18.48500     -0.10520      1.00000
FN3    218.10150     18.33500      0.01929      1.00000
FN3    216.21150     18.17000      0.00029      1.00000
FN3    206.92650     17.99000      0.01529      1.00000
FN3    212.16150     16.83500     -0.00898      1.00000
FN3    205.72650     18.21500     -0.02981      1.00000
FN3    217.45650     15.24500      0.02337      1.00000
FN3    219.04650     15.18500     -0.02369      1.00000
FN3    208.72650     15.12500     -0.35407      0.36372
FN3    206.31150     14.36000     -0.02848      1.00000
FN3    211.05150     14.60000      0.16787      0.82029
FN3    212.56650     12.98000      0.08024      1.00000
FN3    207.45150     12.47000      0.03054      1.00000
FN3    213.66150     11.16500     -0.01551      1.00000
FN3    216.25650     11.15000     -0.00499      1.00000
FN3    206.04150     10.97000     -0.04037      1.00000
FN3    219.21150     29.61500     -0.19048      0.70934
FN3    208.06650     10.88000     -0.02903      1.00000
FN3    212.50650     10.49000      0.03269      1.00000
FN3    210.64650     10.16000      0.12340      1.00000
FN3    218.50650      9.12500     -0.03214      1.00000
FN3    216.54150      8.69000      0.06219      1.00000
FN3    212.16150      7.80500      0.04905      1.00000
FN3    217.98150      7.50500      0.18445      0.71820
FN3    208.03650      7.47500     -0.04365      1.00000
FN3    212.16150      6.78500      0.09510      1.00000
FN3    212.85150      5.52500      0.03372      1.00000
FN3    205.93650      5.73500     -0.02453      1.00000
FN3    207.75150      5.54000      0.04367      1.00000
FN3    209.86650      5.36000      0.02333      1.00000
FN3    215.20650      4.88000     -0.00728      1.00000
FN3    219.21150      4.76000     -0.12070      1.00000
FN3    208.09650      4.23500      0.01199      1.00000
FN3    209.46150      3.83000      0.02623      1.00000
FN3    218.31150      3.59000      0.13039      1.00000
FN3    216.70650      3.71000     -0.10198      1.00000
FN3    214.89150      3.48500      0.13923      0.95463
FN3    205.90650      3.33500      0.02417      1.00000
FN3    218.28150      2.61500     -0.16897      0.78070
FN3    210.99150      1.82000      0.03875      1.00000
FN3    208.18650     27.89000     -0.07111      1.00000
FN3    206.86650     27.42500     -0.22317      0.76239
FN3    209.92650     27.33500      0.08178      1.00000
FN3    215.97150     27.02000      0.04063      1.00000
FN3    218.13150     25.14500     -0.02374      1.00000
FN3    207.03150     25.01000     -0.10189      1.00000
FN3    210.67650     24.80000     -0.06667      1.00000
FN3    213.04650     24.17000     -0.03199      1.00000
FN3    209.85150     23.09000     -0.03437      1.00000
FN3    207.79650     22.08500     -0.02143      1.00000
FN3    210.57150     21.17000     -0.00874      1.00000
FN3    210.27150     22.05500      0.19647      0.98151
FN3    217.90650     20.91500     -0.10858      1.00000
FN3    216.10650     20.12000     -0.00928      1.00000
FN3    210.42150     20.09000      0.00452      1.00000
FN3    207.10650     19.62500     -0.20939      0.82374
FN3    207.88650     19.19000     -0.03560      1.00000
FN3    215.07150     19.02500     -0.03493      1.00000
FN3    212.52150     18.56000      0.00245      1.00000
FN3    213.75150     18.50000     -0.06549      1.00000
FN3    208.86150     18.44000     -0.03976      1.00000
FN3    210.58650     18.08000     -0.09290      1.00000
FN3    207.73650     17.55500     -0.01912      1.00000
FN3    215.71650     17.03000     -0.04494      1.00000
FN3    216.90150     16.59500      0.02121      1.00000
FN3    206.28150     16.16000     -0.04776      1.00000
FN3    211.36650     15.86000     -0.13514      1.00000
FN3    209.62650     15.72500     -0.08781      1.00000
FN3    216.94650     15.42500     -0.01941      1.00000
FN3    211.63650     30.08000     -0.01662      1.00000
FN3    214.11150     14.85500     -0.02530      1.00000
FN3    210.16650     13.88000     -0.04559      1.00000
FN3    218.88150     13.43000     -0.01105      1.00000
FN3    209.89650     29.69000     -0.10528      1.00000
FN3    219.24150     11.54000     -0.21048      0.86802
FN3    219.07650     29.12000      0.00023      1.00000
FN3    217.84650     10.71500     -0.15930      1.00000
FN3    206.10150     10.52000     -0.06983      1.00000
FN3    212.37150     10.35500      0.07821      1.00000
FN3    216.94650     10.32500     -0.04527      1.00000
FN3    209.10150      9.96500      0.38912      0.47621
FN3    217.59150      9.78500     -0.04101      1.00000
FN3    214.54650      9.72500     -0.06370      1.00000
FN3    205.81650      8.49500     -0.02499      1.00000
FN3    218.85150      8.04500      0.09597      1.00000
FN3    210.54150      7.53500      0.10766      1.00000
FN3    217.62150      7.23500     -0.12819      1.00000
FN3    206.10150      6.77000      0.01292      1.00000
FN3    207.24150      6.71000      0.06991      1.00000
FN3    208.41150      4.82000     -0.06572      1.00000
FN3    210.27150      3.98000     -0.11147      1.00000
FN3    209.62650      3.12500      0.00715      1.00000
FN3    207.57150      2.90000     -0.01217      1.00000
FN3    214.15650      2.73500     -0.04568      1.00000
FN3    213.07650      3.99500      0.08173      1.00000
FN2    185.03550    123.66500      0.16832      0.54543
FN2    173.83050    122.75000      0.28769      0.50917
FN2    185.45550    122.55500      0.16693      0.55647
FN2    178.73550    121.40000      0.02286      1.00000
FN2    182.12550    121.22000      0.12745      0.84796
FN2    184.75050    121.19000      0.14987      0.64916
FN2    173.65050    120.77000      0.44317      0.32597
FN2    185.36550    119.36000      0.32139      0.35770
FN2    182.69550    119.04500      0.43509      0.28969
FN2    176.03550    118.85000      0.30891      0.47612
FN2    182.33550    118.17500      0.24108      0.52065
FN2    183.58050    117.48500      0.36833      0.34038
FN2    181.48050    117.27500      0.30958      0.42569
FN2    172.45050    115.55000      0.40429      0.38810
FN2    175.43550    115.37000      0.29993      0.52691
FN2    185.18550    125.84000      0.06426      0.84686
FN2    176.03550    114.24500      0.23736      0.70521
FN2    183.14550    113.67500      0.31565      0.42402
FN2    175.70550    113.52500      0.39239      0.39073
FN2    176.92050    111.81500      0.35583      0.43705
FN2    182.51550    111.57500      0.35537      0.39222
FN2    183.58050    111.21500      0.27614      0.50077
FN2    179.54550    111.14000      0.36727      0.40421
FN2    178.54050    110.88500      0.19862      0.87510
FN2    179.39550    110.31500      0.31778      0.48331
FN2    180.25050    109.37000      0.25230      0.63010
FN2    180.41550    125.39000      0.09252      1.00000
FN2    173.68050    109.26500      0.28184      0.64481
FN2    183.56550    125.06000      0.00415      1.00000
FN2    172.13550    108.66500      0.17168      1.00000
FN2    178.90050    108.56000      0.00195      1.00000
FN2    182.51550    125.10500      0.14103      0.66623
FN2    172.30050    107.85500      0.01742      1.00000
FN2    176.06550    107.85500      0.26804      0.66732
FN2    173.29050    107.55500      0.12530      1.00000
FN2    173.78550    106.31000      0.10283      1.00000
FN2    181.40550    105.87500      0.26766      0.59964
FN2    182.53050    105.72500      0.28322      0.54532
FN2    177.59550    105.24500      0.15388      1.00000
FN2    175.97550    104.81000      0.12439      1.00000
FN2    173.42550    104.57000      0.49770      0.32248
FN2    181.22550    104.03000      0.31175      0.51218
FN2    173.17050    103.79000      0.28189      0.69032
FN2    176.21550    103.35500      0.05117      1.00000
FN2    177.31050    103.11500      0.07909      1.00000
FN2    182.77050    103.05500      0.14012      1.00000
FN2    175.48050    124.35500      0.42655      0.31638
FN2    176.77050    102.15500      0.30828      0.57831
FN2    182.42550    102.14000      0.17047      1.00000
FN2    185.00550    124.37000      0.30489      0.34426
FN2    178.66050    101.25500      0.27121      0.66778
FN2    176.59050    124.31000      0.41886      0.31603
FN2    174.08550    101.06000     -0.07796      0.77712
FN2    180.23550    100.88000      0.43731      0.35631
FN2    179.24550    100.52000      0.00481      1.00000
FN2    175.46550    100.32500      0.26891      0.73003
FN2    174.49050     99.89000      0.26798      0.75030
FN2    183.59550     99.83000      0.08648      1.00000
FN2    181.13550     99.36500      0.11454      1.00000
FN2    180.23550     99.24500     -0.00269      1.00000
FN2    182.23050     98.84000      0.08709      1.00000
FN2    179.33550     98.87000      0.16474      1.00000
FN2    174.37050     98.49500      0.19914      1.00000
FN2    185.12550     98.40500      0.16159      1.00000
FN2    180.73050     98.27000      0.16439      1.00000
FN2    177.43050     97.92500      0.03763      1.00000
FN2    174.01050    124.47500      0.18988      1.00000
FN2    183.50550    123.38000      0.07396      1.00000
FN2    176.59050    122.99000      0.21303      0.89097
FN2    182.26050    122.78000      0.25386      0.62294
FN2    177.55050    123.27500      0.38638      0.47151
FN2    180.37050    120.09500      0.49672      0.36280
FN2    181.07550    119.91500      0.24506      0.71196
FN2    185.92050    120.11000     -0.33492      0.65952
FN2    178.63050    119.75000      0.10643      1.00000
FN2    172.84050    119.39000      0.18460      1.00000
FN2    183.07050    119.12000      0.25229      0.65994
FN2    173.21550    118.65500      0.40170      0.51797
FN2    181.51050    118.35500      0.30250      0.59086
FN2    172.36050    118.10000      0.26601      0.86854
FN2    173.89050    117.75500      0.12125      1.00000
FN2    180.53550    116.94500      0.33078      0.56667
FN2    178.15050    116.82500      0.27894      0.72326
FN2    184.73550    116.57000      0.41313      0.41708
FN2    178.88550    116.55500      0.48957      0.39094
FN2    179.86050    115.98500      0.30075      0.64628
FN2    183.56550    115.94000      0.23631      0.73894
FN2    175.48050    115.77500      0.27725      0.79505
FN2    176.51550    114.92000      0.27143      0.80574
FN2    173.05050    114.06500     -0.13912      0.88887
FN2    179.33550    114.00500      0.26321      0.78516
FN2    172.03050    112.49000     -0.12238      0.92300
FN2    176.24550    126.14000      0.52285      0.34514
FN2    172.45050    111.29000      0.25822      1.00000
FN2    174.14550    111.65000      0.02295      1.00000
FN2    175.66050    125.97500      0.27084      0.67275
FN2    173.39550    109.41500      0.17252      1.00000
FN2    174.14550    109.25000      0.20579      1.00000
FN2    181.55550    108.72500      0.17681      1.00000
FN2    173.51550    125.49500      0.31769      0.60822
FN2    183.50550    106.95500      0.24924      0.83481
FN2    182.45550    107.01500      0.27223      0.77690
FN2    175.42050    106.25000      0.21593      1.00000
FN2    184.96050    106.28000      0.44638      0.43124
FN2    176.51550    106.20500      0.29319      0.82676
FN2    173.08050    105.62000      0.64189      0.32934
FN2    184.99050    105.57500      0.27126      0.74292
FN2    181.85550    125.18000      0.30248      0.51658
FN2    182.80050    106.17500     -0.00158      1.00000
FN2    173.77050    104.64500      0.07260      1.00000
FN2    185.41050    104.48000      0.28566      0.70471
FN2    178.79550    125.01500      0.18406      0.89018
FN2    178.67550    103.31000      0.18500      1.00000
FN2    182.06550    103.11500      0.15491      1.00000
FN2    184.69050    103.10000      0.32220      0.63785
FN2    173.57550    102.66500      0.18700      1.00000
FN2    185.32050    101.27000      0.35928      0.56742
FN2    182.65050    100.95500      0.36320      0.59064
FN2    175.97550    100.74500      0.38093      0.61807
FN2    182.29050    100.08500      0.19086      1.00000
FN2    183.53550     99.38000      0.27618      0.81780
FN2    181.42050     99.18500      0.16634      1.00000
FN1    148.33950    154.92000     -0.03850      1.00000
FN1    142.74450    154.26000      0.53457      0.27607
FN1    141.70950    153.82500     -0.22956      0.45447
FN1    149.46450    153.36000     -0.13749      0.76359
FN1    146.65950    152.16000     -0.23214      0.46619
FN1    150.30450    151.86000     -0.19163      0.57481
FN1    147.90450    151.90500     -0.19146      0.55262
FN1    141.34950    151.62000     -0.24304      0.42408
FN1    147.75450    150.43500     -0.27756      0.39901
FN1    150.94950    148.35000     -0.34733      0.33301
FN1    138.28950    147.87000     -0.21470      0.44395
FN1    144.21450    147.03000     -0.24915      0.40884
FN1    149.92950    147.09000      0.00435      1.00000
FN1    140.07450    146.59500     -0.15888      0.54648
FN1    147.40950    146.32500     -0.18561      0.52188
FN1    139.72950    145.78500     -0.11750      0.65263
FN1    141.34950    144.00000     -0.16493      0.52646
FN1    139.78950    142.80000     -0.10262      0.68569
FN1    139.17450    143.49000     -0.25913      0.37864
FN1    145.44450    142.41000     -0.25394      0.39327
FN1    143.34450    141.64500     -0.33822      0.31043
FN1    138.78450    141.30000     -0.09507      0.70172
FN1    147.55950    141.01500     -0.20626      0.46095
FN1    142.44450    140.62500     -0.15307      0.54310
FN1    142.11450    143.35500      0.09011      1.00000
FN1    147.43950    139.72500     -0.20065      0.46544
FN1    147.09450    138.45000     -0.14230      0.57838
FN1    138.07950    157.81500     -0.18849      0.53575
FN1    149.53950    138.49500     -0.22626      0.42989
FN1    144.93450    137.85000     -0.15717      0.53293
FN1    150.90450    157.29000     -0.18501      0.67572
FN1    150.60450    137.35500     -0.25425      0.39424
FN1    138.48450    137.29500     -0.07362      0.77075
FN1    148.30950    137.11500     -0.15908      0.53898
FN1    143.46450    135.99000     -0.11318      0.63486
FN1    144.51450    135.33000     -0.16458      0.51010
FN1    147.67950    134.79000     -0.21497      0.43244
FN1    143.25450    134.26500     -0.12759      0.58883
FN1    151.56450    134.23500     -0.08017      0.80525
FN1    143.88450    133.12500     -0.16942      0.49575
FN1    140.52450    132.42000     -0.17538      0.47967
FN1    138.75450    131.91000      0.10655      1.00000
FN1    145.93950    131.25000     -0.24936      0.38232
FN1    150.84450    130.18500     -0.23784      0.55720
FN1    138.42450    155.97000     -0.20349      0.68612
FN1    149.68950    155.77500     -0.18808      0.86168
FN1    142.92450    155.20500     -0.25325      0.59635
FN1    141.31950    155.08500     -0.32149      0.48102
FN1    150.84450    154.96500     -0.14675      1.00000
FN1    149.95950    153.58500     -0.19179      0.81480
FN1    143.52450    152.07000     -0.10538      1.00000
FN1    150.24450    151.98000     -0.17920      0.84139
FN1    148.23450    151.81500     -0.18516      0.78804
FN1    141.73950    151.59000     -0.26180      0.55458
FN1    139.42950    151.41000     -0.24808      0.56886
FN1    138.88950    149.88000     -0.25083      0.55610
FN1    144.01950    149.46000     -0.24785      0.57859
FN1    148.02450    149.31000     -0.10794      1.00000
FN1    144.85950    148.05000     -0.33074      0.45618
FN1    151.17450    147.78000     -0.12273      1.00000
FN1    150.76950    157.72500      0.58443      0.31709
FN1    146.01450    146.17500     -0.25092      0.56619
FN1    149.17950    145.24500     -0.18923      0.71737
FN1    142.39950    144.78000     -0.18661      0.67819
FN1    139.60950    144.55500     -0.11054      0.92335
FN1    143.76450    142.44000     -0.18262      0.68267
FN1    145.08450    141.93000     -0.17165      0.71589
FN1    151.20450    142.06500     -0.02325      1.00000
FN1    142.90950    141.63000     -0.12126      0.87380
FN1    151.59450    141.18000     -0.25257      0.56701
FN1    145.86450    140.92500     -0.24948      0.54773
FN1    137.97450    139.65000     -0.19769      0.62237
FN1    150.79950    139.14000     -0.18249      0.70504
FN1    143.34450    136.83000     -0.29616      0.46792
FN1    148.23450    136.75500     -0.07072      1.00000
FN1    142.63950    136.08000      0.41748      0.56689
FN1    141.60450    135.66000     -0.14064      0.76845
FN1    141.39450    156.42000     -0.16635      0.83056
FN1    149.34450    135.19500     -0.03513      1.00000
FN1    146.55450    133.99500     -0.14249      0.77568
FN1    150.19950    133.69500     -0.14753      0.77764
FN1    147.79950    133.75500     -0.19380      0.64037
FN1    141.24450    133.45500     -0.14260      0.75615
FN1    147.64950    132.27000     -0.14168      0.77807
FN1    149.11950    131.88000      0.01066      1.00000
FS1   -140.32950    158.16000      0.00270      1.00000
FS1   -142.90950    156.00000      0.02570      1.00000
FS1   -146.46450    155.02500      0.06950      1.00000
FS1   -145.62450    155.08500     -0.19510      0.87341
FS1   -138.85950    154.87500     -0.04368      1.00000
FS1   -139.56450    154.53000      0.26299      0.40344
FS1   -138.03450    154.21500     -0.04646      1.00000
FS1   -147.27450    153.72000      0.08871      1.00000
FS1   -144.91950    153.52500      0.06621      1.00000
FS1   -141.45450    154.11000      0.12745      0.70153
FS1   -151.72950    153.40500      0.12309      0.89183
FS1   -137.71950    152.98500     -0.02339      1.00000
FS1   -140.11950    152.67000     -0.09874      1.00000
FS1   -151.95450    152.59500      0.09844      1.00000
FS1   -151.14450    152.28000      0.04065      1.00000
FS1   -149.19450    151.72500      0.04978      1.00000
FS1   -138.31950    151.75500     -0.05980      1.00000
FS1   -144.66450    150.36000      0.04158      1.00000
FS1   -142.36950    149.35500     -0.03509      1.00000
FS1   -151.30950    149.26500     -0.36773      0.40792
FS1   -145.80450    148.92000     -0.00383      1.00000
FS1   -144.72450    148.66500     -0.05396      1.00000
FS1   -150.03450    148.39500      0.22953      0.46832
FS1   -138.75450    148.06500     -0.11630      1.00000
FS1   -148.90950    147.90000      0.02907      1.00000
FS1   -141.28950    147.69000     -0.08076      1.00000
FS1   -143.46450    146.65500     -0.00594      1.00000
FS1   -145.21950    147.04500     -0.01385      1.00000
FS1   -144.34950    146.49000     -0.07721      1.00000
FS1   -142.15950    145.42500     -0.41354      0.39761
FS1   -149.02950    145.42500      0.02142      1.00000
FS1   -145.57950    157.95000      0.04400      1.00000
FS1   -139.06950    144.79500     -0.25256      0.79895
FS1   -147.40950    144.49500     -0.03290      1.00000
FS1   -141.12450    144.03000     -0.14804      1.00000
FS1   -143.29950    142.53000     -0.10681      1.00000
FS1   -149.94450    142.36500     -0.07263      1.00000
FS1   -139.50450    141.66000     -0.16825      1.00000
FS1   -149.50950    141.37500     -0.05599      1.00000
FS1   -147.49950    141.22500     -0.11295      1.00000
FS1   -151.14450    156.97500      0.11181      1.00000
FS1   -143.98950    141.10500     -0.13601      1.00000
FS1   -138.52950    141.45000     -0.00439      1.00000
FS1   -146.04450    140.85000     -0.07520      1.00000
FS1   -145.11450    156.49500      0.06196      1.00000
FS1   -146.77950    156.43500      0.36370      0.33182
FS1   -150.82950    140.02500     -0.01113      1.00000
FS1   -138.96450    139.75500     -0.22199      1.00000
FS1   -149.01450    139.65000     -0.48602      0.32476
FS1   -141.36450    139.53000     -0.11843      1.00000
FS1   -149.46450    138.45000     -0.08505      1.00000
FS1   -150.76950    137.35500      0.01616      1.00000
FS1   -143.55450    137.32500     -0.25883      0.79628
FS1   -142.11450    136.93500     -0.17521      1.00000
FS1   -144.24450    136.84500      0.18180      0.48063
FS1   -151.20450    136.54500     -0.05657      1.00000
FS1   -144.99450    136.24500     -0.12832      1.00000
FS1   -146.44950    136.24500     -0.17792      1.00000
FS1   -149.70450    135.75000     -0.23205      0.89897
FS1   -146.53950    135.45000     -0.10826      1.00000
FS1   -147.64950    135.27000      0.41210      0.26301
FS1   -149.38950    134.98500     -0.12780      1.00000
FS1   -151.39950    134.77500     -0.16481      1.00000
FS1   -142.53450    134.71500     -0.03055      1.00000
FS1   -139.48950    134.47500     -0.14274      1.00000
FS1   -145.18950    133.98000     -0.15327      1.00000
FS1   -146.19450    134.20500     -0.01403      1.00000
FS1   -150.66450    134.13000     -0.20659      1.00000
FS1   -137.92950    133.95000     -0.11125      1.00000
FS1   -146.97450    133.51500     -0.13697      1.00000
FS1   -139.53450    132.78000     -0.13903      1.00000
FS1   -145.06950    132.75000      0.04938      0.90893
FS1   -147.07950    132.46500      0.01660      1.00000
FS1   -147.82950    132.16500     -0.18923      1.00000
FS1   -148.51950    131.91000     -0.17716      1.00000
FS1   -141.36450    131.95500     -0.19295      1.00000
FS1   -138.84450    131.44500     -0.06576      1.00000
FS1   -146.97450    131.29500     -0.06833      1.00000
FS1   -143.08950    130.80000     -0.12911      1.00000
FS1   -137.77950    158.19000     -0.02021      1.00000
FS1   -140.28450    130.20000     -0.08571      1.00000
FS1   -139.45950    156.09000     -0.09979      1.00000
FS1   -144.43950    156.01500      0.27800      0.56534
FS1   -143.17950    155.83500      0.09184      1.00000
FS1   -137.68950    155.61000      0.01988      1.00000
FS1   -150.16950    155.40000      0.13728      1.00000
FS1   -141.87450    155.02500      0.15884      0.84708
FS1   -139.84950    155.05500      0.04751      1.00000
FS1   -143.25450    155.02500      0.16026      0.85817
FS1   -149.68950    154.56000      0.14219      1.00000
FS1   -145.21950    153.88500      0.19681      0.73990
FS1   -146.37450    153.61500      0.21976      0.68491
FS1   -138.72450    152.80500     -0.04624      1.00000
FS1   -150.49950    153.01500      0.16652      0.91788
FS1   -140.08950    152.59500     -0.01727      1.00000
FS1   -149.10450    152.76000     -0.03436      1.00000
FS1   -142.93950    152.64000     -0.05681      1.00000
FS1   -146.04450    151.93500      0.03852      1.00000
FS1   -142.12950    151.59000     -0.01941      1.00000
FS1   -149.08950    151.11000      0.10060      1.00000
FS1   -147.31950    150.64500      0.10917      1.00000
FS1   -139.75950    150.40500     -0.04225      1.00000
FS1   -141.16950    150.88500     -0.11044      1.00000
FS1   -148.08450    149.80500     -0.01748      1.00000
FS1   -144.67950    149.86500      0.00781      1.00000
FS1   -148.84950    149.53500      0.05380      1.00000
FS1   -141.07950    149.55000     -0.09513      1.00000
FS1   -150.13950    149.26500      0.07497      1.00000
FS1   -148.53450    148.32000      0.00831      1.00000
FS1   -142.15950    147.58500     -0.10969      1.00000
FS1   -149.73450    146.31000     -0.04389      1.00000
FS1   -143.35950    145.66500     -0.07470      1.00000
FS1   -139.03950    145.00500     -0.14803      1.00000
FS1   -138.13950    144.93000     -0.15945      1.00000
FS1   -148.93950    157.75500      0.17992      0.92112
FS1   -137.74950    157.74000      0.32133      0.48007
FS1   -142.74450    144.18000     -0.07544      1.00000
FS1   -150.16950    143.34000     -0.02705      1.00000
FS1   -139.74450    142.74000     -0.18647      1.00000
FS1   -138.15450    142.20000     -0.24526      1.00000
FS1   -147.09450    142.50000     -0.12877      1.00000
FS1   -148.02450    142.96500      0.02799      1.00000
FS1   -144.39450    141.34500     -0.17671      1.00000
FS1   -145.50450    157.09500      0.07151      1.00000
FS1   -147.48450    140.31000      0.01223      1.00000
FS1   -137.82450    139.80000     -0.22244      1.00000
FS1   -140.37450    139.75500     -0.21122      1.00000
FS1   -145.63950    139.56000     -0.17400      1.00000
FS1   -151.38450    156.96000      0.13229      1.00000
FS1   -144.09450    139.05000     -0.27782      0.97182
FS1   -151.20450    138.57000     -0.07426      1.00000
FS1   -145.15950    138.09000     -0.11154      1.00000
FS1   -146.82450    138.03000      0.13256      0.83096
FS1   -149.53950    156.87000      0.15111      1.00000
FS1   -142.95450    137.59500     -0.16167      1.00000
FS1   -139.56450    137.52000     -0.08843      1.00000
FS1   -141.78450    156.60000      0.23350      0.64007
FS1   -138.90450    136.48500     -0.23743      1.00000
FS1   -139.60950    136.15500     -0.14290      1.00000
FS1   -141.49950    135.72000     -0.04232      1.00000
FS1   -146.52450    136.62000     -0.16909      1.00000
FS1   -147.31950    135.31500      0.39908      0.37307
FS1   -144.97950    135.12000     -0.17284      1.00000
FS1   -151.78950    135.00000     -0.08269      1.00000
FS1   -137.77950    134.59500     -0.16413      1.00000
FS1   -140.16450    134.26500     -0.26054      1.00000
FS1   -152.01450    134.19000     -0.20803      1.00000
FS1   -151.18950    133.87500     -0.23972      1.00000
FS1   -149.23950    133.33500     -0.18752      1.00000
FS1   -138.36450    133.36500     -0.16045      1.00000
FS1   -141.48450    132.87000     -0.13227      1.00000
FS1   -144.70950    131.95500     -0.20613      1.00000
FS1   -137.86950    156.54000     -0.06409      1.00000
FS1   -142.39950    130.95000     -0.17777      1.00000
FS1   -151.35450    130.86000     -0.53136      0.41196
FS1   -145.84950    130.53000     -0.20188      1.00000
FS1   -144.76950    130.26000     -0.38520      0.63453
FS1   -150.07950    130.00500     -0.01790      1.00000
FS1   -138.79950    129.67500     -0.00215      1.00000
FS1   -148.95450    129.49500     -0.13161      1.00000
FS2   -179.71050    124.37000     -0.05492      1.00000
FS2   -183.73050    124.25000     -0.02918      1.00000
FS2   -173.38050    123.00500     -0.08320      1.00000
FS2   -181.25550    122.78000     -0.22653      0.51540
FS2   -179.96550    122.13500     -0.03210      1.00000
FS2   -174.32550    121.59500     -0.19293      0.81323
FS2   -181.12050    120.59000      0.06212      1.00000
FS2   -178.57050    119.40500     -0.01215      1.00000
FS2   -176.54550    118.98500     -0.13512      1.00000
FS2   -183.46050    118.55000     -0.05084      1.00000
FS2   -178.73550    117.99500     -0.07339      1.00000
FS2   -176.54550    117.78500     -0.09293      1.00000
FS2   -177.22050    116.51000      0.00341      1.00000
FS2   -185.66550    116.28500      0.36229      0.39865
FS2   -177.73050    114.80000     -0.17241      0.98205
FS2   -172.49550    114.65000     -0.08353      1.00000
FS2   -183.40050    115.98500     -0.16273      0.76667
FS2   -184.66050    114.06500     -0.04611      1.00000
FS2   -175.85550    114.06500     -0.09406      1.00000
FS2   -185.51550    113.33000     -0.16586      0.73675
FS2   -171.91050    113.18000     -0.08845      1.00000
FS2   -171.65550    111.71000     -0.05791      1.00000
FS2   -179.03550    111.65000     -0.02792      1.00000
FS2   -177.20550    111.72500     -0.25670      0.64680
FS2   -184.96050    111.09500     -0.05552      1.00000
FS2   -173.00550    110.85500     -0.04777      1.00000
FS2   -177.95550    110.69000     -0.06560      1.00000
FS2   -176.72550    109.82000     -0.10229      1.00000
FS2   -182.77050    109.52000     -0.12817      1.00000
FS2   -180.59550    109.28000     -0.21781      0.74693
FS2   -172.12050    108.29000      0.00625      1.00000
FS2   -180.65550    107.57000     -0.09588      1.00000
FS2   -172.39050    107.40500     -0.09895      1.00000
FS2   -185.42550    105.87500      0.05957      1.00000
FS2   -181.06050    106.11500      0.00553      1.00000
FS2   -175.06050    125.46500     -0.12967      1.00000
FS2   -176.63550    105.12500     -0.06365      1.00000
FS2   -185.21550    125.28500     -0.04586      0.98962
FS2   -183.94050    102.99500     -0.05496      1.00000
FS2   -172.61550    102.78500     -0.06129      1.00000
FS2   -176.59050    102.62000     -0.04523      1.00000
FS2   -173.62050    102.72500     -0.06180      1.00000
FS2   -181.30050    102.48500     -0.05165      1.00000
FS2   -181.61550    101.75000     -0.01935      1.00000
FS2   -183.35550    101.61500      0.00780      1.00000
FS2   -184.94550    101.57000      0.01382      1.00000
FS2   -179.62050    101.46500     -0.00291      1.00000
FS2   -180.76050    101.37500      0.01432      1.00000
FS2   -175.33050    101.13500     -0.00097      1.00000
FS2   -180.55050    100.32500     -0.13087      1.00000
FS2   -183.83550    100.34000     -0.08604      1.00000
FS2   -174.05550    100.25000     -0.24767      0.85380
FS2   -179.66550     99.53000      0.02471      1.00000
FS2   -181.48050     99.29000      0.00705      1.00000
FS2   -173.74050     98.75000      0.03637      0.99859
FS2   -173.23050    122.82500     -0.05920      1.00000
FS2   -185.53050    122.16500     -0.02846      1.00000
FS2   -176.44050    122.15000      0.16681      1.00000
FS2   -174.08550    120.69500     -0.25221      0.84452
FS2   -177.25050    118.88000     -0.27566      0.72400
FS2   -180.43050    118.41500     -0.07052      1.00000
FS2   -176.14050    117.05000     -0.33888      0.60824
FS2   -174.47550    116.34500     -0.00473      1.00000
FS2   -172.13550    125.88500      0.29466      0.57121
FS2   -172.58550    114.60500     -0.07769      1.00000
FS2   -175.52550    114.44000     -0.00510      1.00000
FS2   -173.68050    116.55500     -0.07902      1.00000
FS2   -173.60550    113.40500     -0.02130      1.00000
FS2   -176.26050    112.29500     -0.09876      1.00000
FS2   -183.86550    112.08500     -0.13992      1.00000
FS2   -179.09550    111.98000     -0.04519      1.00000
FS2   -176.51550    111.32000     -0.31284      0.71568
FS2   -177.11550    124.98500     -0.06972      1.00000
FS2   -177.56550    117.45500     -0.06448      1.00000
FS2   -174.41550    110.88500     -0.08164      1.00000
FS2   -179.32050    109.49000     -0.14065      1.00000
FS2   -174.25050    109.13000     -0.09711      1.00000
FS2   -184.16550    108.56000      0.08253      1.00000
FS2   -181.85550    108.47000     -0.07917      1.00000
FS2   -179.77050    108.12500     -0.11152      1.00000
FS2   -174.35550    108.09500     -0.05421      1.00000
FS2   -181.07550    123.57500     -0.05893      1.00000
FS2   -175.07550    107.01500     -0.05437      1.00000
FS2   -185.23050    106.83500     -0.04947      1.00000
FS2   -183.38550    106.76000     -0.06381      1.00000
FS2   -179.71050    105.93500     -0.09566      1.00000
FS2   -183.74550    105.80000     -0.07441      1.00000
FS2   -173.38050    104.57000     -0.08516      1.00000
FS2   -181.25550    104.34500     -0.33307      0.65196
FS2   -179.98050    103.68500      0.00434      1.00000
FS2   -174.32550    103.16000     -0.06402      1.00000
FS2   -184.72050    102.77000      0.09688      1.00000
FS2   -181.13550    102.17000      0.01822      1.00000
FS2   -178.57050    100.97000      0.00018      1.00000
FS2   -176.54550    100.56500     -0.17841      1.00000
FS2   -183.46050    100.11500     -0.23970      0.97128
FS2   -178.73550     99.54500     -0.02723      1.00000
FS2   -176.54550     99.35000     -0.13774      1.00000
FS2   -177.22050     98.07500      0.01651      1.00000
FS2   -185.66550     97.88000      0.39357      0.41674
FS3   -211.92150     29.84000      0.03904      1.00000
FS3   -207.15150     29.30000     -0.00530      1.00000
FS3   -216.40650     29.24000      0.01029      1.00000
FS3   -211.63650     29.07500     -0.01230      1.00000
FS3   -215.35650     28.73000     -0.12969      1.00000
FS3   -217.99650     27.89000     -0.10144      1.00000
FS3   -209.25150     27.62000     -0.13335      1.00000
FS3   -212.35650     27.42500     -0.10771      1.00000
FS3   -218.85150     26.39000      0.10099      1.00000
FS3   -215.91150     25.74500     -0.10544      1.00000
FS3   -219.70650     25.50500      0.11100      1.00000
FS3   -215.41650     24.80000     -0.06119      1.00000
FS3   -217.72650     25.05500     -0.02676      1.00000
FS3   -218.98650     24.98000      0.18358      0.72815
FS3   -209.80650     23.94500     -0.08510      1.00000
FS3   -208.48650     23.73500     -0.03034      1.00000
FS3   -213.00150     23.42000     -0.05637      1.00000
FS3   -207.64650     23.03000      0.03205      1.00000
FS3   -212.02650     22.85000     -0.02964      1.00000
FS3   -209.28150     22.41500     -0.01301      1.00000
FS3   -212.32650     22.16000     -0.04109      1.00000
FS3   -214.30650     21.86000     -0.15186      0.90262
FS3   -211.15650     21.45500     -0.03880      1.00000
FS3   -212.13150     18.35000      0.06057      1.00000
FS3   -210.19650     17.66000     -0.05229      1.00000
FS3   -208.30650     17.54000     -0.01258      1.00000
FS3   -212.49150     16.16000      0.01980      1.00000
FS3   -210.73650     15.87500      0.05844      1.00000
FS3   -217.63650     14.96000     -0.03549      1.00000
FS3   -205.62150     14.88500     -0.06552      1.00000
FS3   -210.13650     14.70500     -0.00716      1.00000
FS3   -206.43150     14.16500      0.15101      0.82240
FS3   -211.54650     12.75500     -0.03933      1.00000
FS3   -210.72150     12.29000     -0.02890      1.00000
FS3   -215.59650     10.85000     -0.05093      1.00000
FS3   -214.26150     10.62500     -0.06674      1.00000
FS3   -216.82650     10.52000      0.00822      1.00000
FS3   -207.45150      9.96500     -0.02632      1.00000
FS3   -212.95650     10.10000     -0.06158      1.00000
FS3   -209.47650     10.02500      0.09058      1.00000
FS3   -210.12150      8.78000     -0.01294      1.00000
FS3   -213.63150      8.49500     -0.00617      1.00000
FS3   -218.61150      8.15000     -0.05232      1.00000
FS3   -216.19650      8.04500     -0.01303      1.00000
FS3   -212.58150      7.94000     -0.13516      1.00000
FS3   -206.61150      7.68500     -0.18082      0.75169
FS3   -209.14650      7.10000     -0.04420      1.00000
FS3   -211.90650      6.80000     -0.08237      1.00000
FS3   -214.23150      6.24500     -0.19816      0.67318
FS3   -216.28650      5.97500     -0.02945      1.00000
FS3   -207.00150      4.86500     -0.01336      1.00000
FS3   -216.57150      4.76000     -0.00123      1.00000
FS3   -217.86150      3.60500     -0.22899      0.57712
FS3   -219.19650      2.34500      0.00191      1.00000
FS3   -208.95150      2.21000     -0.19097      0.69557
FS3   -212.08650     29.25500     -0.00540      1.00000
FS3   -211.95150     28.55000     -0.05151      1.00000
FS3   -212.79150     28.28000     -0.07606      1.00000
FS3   -216.33150     27.89000      0.38553      0.47060
FS3   -211.23150     26.91500     -0.11280      1.00000
FS3   -216.88650     26.76500     -0.00194      1.00000
FS3   -214.93650     25.59500     -0.04466      1.00000
FS3   -207.97650     25.64000      0.09624      1.00000
FS3   -216.18150     25.17500     -0.21304      0.86838
FS3   -212.68650     24.71000     -0.06750      1.00000
FS3   -210.81150     24.39500     -0.08451      1.00000
FS3   -217.86150     24.32000     -0.17620      1.00000
FS3   -207.82650     24.15500      0.01162      1.00000
FS3   -208.96650     23.87000     -0.03882      1.00000
FS3   -211.60650     21.36500     -0.09093      1.00000
FS3   -218.67150     20.88500     -0.14320      1.00000
FS3   -206.92650     19.13000     -0.12258      1.00000
FS3   -211.80150     18.50000     -0.01392      1.00000
FS3   -215.07150     17.81000     -0.04627      1.00000
FS3   -212.91150     17.75000     -0.04889      1.00000
FS3   -212.19150     17.70500     -0.06016      1.00000
FS3   -215.89650     17.51000     -0.04581      1.00000
FS3   -210.13650     17.28500      0.69216      0.26039
FS3   -209.80650     16.34000     -0.12338      1.00000
FS3   -219.64650     15.66500      0.02697      1.00000
FS3   -206.95650     15.21500     -0.06181      1.00000
FS3   -214.23150     15.21500     -0.01402      1.00000
FS3   -209.17650     15.41000     -0.01928      1.00000
FS3   -215.76150     16.13000      0.20532      0.87508
FS3   -211.68150     14.79500     -0.01746      1.00000
FS3   -207.09150     14.19500     -0.02415      1.00000
FS3   -210.36150     13.85000      0.24468      0.72483
FS3   -213.22650     13.56500     -0.15782      1.00000
FS3   -209.23650     13.31000     -0.00776      1.00000
FS3   -205.93650     12.92000     -0.10926      1.00000
FS3   -214.84650     12.83000      0.06427      1.00000
FS3   -210.10650     12.81500     -0.24326      0.77194
FS3   -211.89150     11.40500     -0.04710      1.00000
FS3   -207.45150     30.23000     -0.22102      0.89391
FS3   -216.37650     10.80500     -0.06075      1.00000
FS3   -211.60650     10.64000     -0.07637      1.00000
FS3   -215.31150     10.28000     -0.20236      0.91418
FS3   -217.96650      9.44000     -0.10946      1.00000
FS3   -209.22150      9.18500      0.01936      1.00000
FS3   -212.31150      8.99000     -0.18211      1.00000
FS3   -210.19650     29.91500     -0.06245      1.00000
FS3   -207.45150      8.09000      0.09184      1.00000
FS3   -219.76650      7.92500     -0.05249      1.00000
FS3   -218.80650      7.94000      0.07917      1.00000
FS3   -215.86650      7.31000     -0.12712      1.00000
FS3   -219.67650      7.05500      0.10840      1.00000
FS3   -217.69650      6.60500     -0.10217      1.00000
FS3   -215.37150      6.36500     -0.09391      1.00000
FS3   -218.95650      6.53000      0.27754      0.65727
FS3   -209.76150      5.51000     -0.10520      1.00000
FS3   -208.45650      5.30000     -0.07751      1.00000
FS3   -212.95650      4.98500     -0.05329      1.00000
FS3   -207.61650      4.59500      0.03981      1.00000
FS3   -211.98150      4.40000     -0.07198      1.00000
FS3   -210.46650      4.35500      0.08046      1.00000
FS3   -209.23650      3.98000     -0.10766      1.00000
FS3   -212.28150      3.72500     -0.12659      1.00000
FS3   -214.27650      3.41000     -0.19934      0.92067
FS3   -211.11150      3.00500     -0.10543      1.00000
FS3   -210.13650      2.36000      0.25609      0.70939
FS4   -216.97650    -30.23000      0.01883      1.00000
FS4   -210.90150    -30.92000      0.10698      1.00000
FS4   -216.25650     -5.25500      0.00974      1.00000
FS4   -205.62150     -5.52500      0.02915      1.00000
FS4   -219.57150     -6.11000      0.09995      1.00000
FS4   -210.49650     -6.11000      0.11215      1.00000
FS4   -215.41650     -6.18500      0.05420      1.00000
FS4   -217.24650     -7.05500     -0.06906      1.00000
FS4   -205.27650     -7.04000     -0.09140      1.00000
FS4   -219.31650     -7.20500     -0.02497      1.00000
FS4   -219.67650     -7.91000      0.46549      0.28172
FS4   -207.99150     -8.75000      0.10413      1.00000
FS4   -211.32150     -8.99000      0.02098      1.00000
FS4   -206.43150     -9.09500      0.07979      1.00000
FS4   -208.83150     -9.72500      0.03750      1.00000
FS4   -211.86150     -9.62000     -0.00869      1.00000
FS4   -215.38650     -9.89000     -0.08147      1.00000
FS4   -209.65650    -10.25000      0.32906      0.40785
FS4   -208.14150    -11.55500      0.04176      1.00000
FS4   -217.30650    -12.24500      0.08267      1.00000
FS4   -207.12150    -12.50000      0.02112      1.00000
FS4   -212.29650    -12.56000      0.03357      1.00000
FS4   -217.27650    -15.14000      0.05522      1.00000
FS4   -218.95650    -15.92000     -0.01775      1.00000
FS4   -210.15150    -16.20500      0.01908      1.00000
FS4   -216.63150    -15.90500      0.28180      0.46540
FS4   -212.58150    -16.49000      0.00699      1.00000
FS4   -207.24150    -16.98500      0.02701      1.00000
FS4   -217.20150    -17.19500      0.19674      0.66028
FS4   -208.03650    -17.46500      0.08310      1.00000
FS4   -205.83150    -18.30500      0.03456      1.00000
FS4   -214.06650    -19.59500      0.07144      1.00000
FS4   -212.31150    -19.68500      0.06802      1.00000
FS4   -208.17150     -2.96000      0.04764      1.00000
FS4   -210.75150    -20.82500     -0.09878      1.00000
FS4   -208.50150    -21.05000      0.04943      1.00000
FS4   -210.01650     -3.26000     -0.01895      1.00000
FS4   -214.69650    -23.28500      0.01959      1.00000
FS4   -206.35650     -3.59000      0.26437      0.50426
FS4   -218.05650    -23.70500     -0.10684      1.00000
FS4   -217.44150     -3.74000     -0.00338      1.00000
FS4   -208.57650    -25.68500      0.16383      0.87326
FS4   -214.93650    -26.00000     -0.01196      1.00000
FS4   -208.39650    -26.64500     -0.06542      1.00000
FS4   -216.72150    -27.45500      0.00989      1.00000
FS4   -205.53150    -27.24500      0.05602      1.00000
FS4   -208.84650    -27.54500      0.08378      1.00000
FS4   -219.30150    -27.86000      0.04085      1.00000
FS4   -210.36150    -28.32500      0.35468      0.38248
FS4   -206.83650    -28.44500      0.10913      1.00000
FS4   -217.93650    -29.31500     -0.01466      1.00000
FS4   -211.20150    -29.82500     -0.00990      1.00000
FS4   -210.37650    -30.00500     -0.01194      1.00000
FS4   -214.09650    -30.33500      0.14449      0.91273
FS4   -206.82150     -4.46000     -0.07428      1.00000
FS4   -212.34150     -4.94000     -0.01353      1.00000
FS4   -217.26150    -30.69500     -0.01980      1.00000
FS4   -207.06150    -30.95000      0.00248      1.00000
FS4   -212.23650    -31.01000      0.02800      1.00000
FS4   -210.79650     -5.79500      0.08983      1.00000
FS4   -215.67150     -7.23500     -0.09558      1.00000
FS4   -214.32150     -7.46000      0.08197      1.00000
FS4   -216.90150     -7.56500      0.02266      1.00000
FS4   -213.03150     -7.98500      0.06107      1.00000
FS4   -207.54150     -8.10500      0.12841      1.00000
FS4   -209.55150     -8.06000     -0.02626      1.00000
FS4   -212.55150     -8.69000     -0.03970      1.00000
FS4   -208.65150     -8.82500     -0.08066      1.00000
FS4   -213.70650     -9.59000      0.03034      1.00000
FS4   -218.70150     -9.95000      0.00582      1.00000
FS4   -216.28650    -10.04000      0.01773      1.00000
FS4   -212.64150    -10.14500     -0.11848      1.00000
FS4   -206.67150    -10.38500      0.18129      1.00000
FS4   -209.22150    -10.97000      0.06777      1.00000
FS4   -214.29150    -11.82500      0.15617      1.00000
FS4   -216.36150    -12.11000      0.08530      1.00000
FS4   -214.83150    -12.92000     -0.07302      1.00000
FS4   -216.64650    -13.32500      0.05673      1.00000
FS4   -217.74150     -3.12500      0.10366      1.00000
FS4   -205.69650     -3.17000      0.23148      0.79686
FS4   -210.22650     -3.36500      0.05329      1.00000
FS4   -219.27150    -15.75500     -0.04659      1.00000
FS4   -208.96650    -15.90500      0.08445      1.00000
FS4   -205.98150    -16.20500     -0.00626      1.00000
FS4   -205.32150    -17.04500      0.24767      0.77761
FS4   -208.35150    -18.00500      0.02199      1.00000
FS4   -216.46650     -3.92000      0.25635      0.71149
FS4   -215.46150    -18.60500      0.16413      1.00000
FS4   -217.92150    -18.08000      0.06340      1.00000
FS4   -216.28650    -18.21500      0.12060      1.00000
FS4   -208.75650    -19.26500      0.21471      0.89283
FS4   -211.87650    -19.85000     -0.12641      1.00000
FS4   -210.45150    -20.36000      0.10439      1.00000
FS4   -208.12650    -21.41000      0.10262      1.00000
FS4   -209.95650    -21.71000      0.13707      1.00000
FS4   -206.29650    -22.04000     -0.01490      1.00000
FS4   -217.39650    -22.20500      0.02265      1.00000
FS4   -206.77650    -22.91000      0.08341      1.00000
FS4   -212.29650    -23.40500      0.08410      1.00000
FS4   -216.21150    -23.72000     -0.05856      1.00000
FS4   -205.57650    -23.97500      0.00131      1.00000
FS4   -219.51150    -24.57500     -0.03358      1.00000
FS4   -210.45150    -24.56000      0.04879      1.00000
FS4   -215.37150    -24.65000      0.00737      1.00000
FS4   -217.18650    -25.52000     -0.12687      1.00000
FS4   -219.27150    -25.67000     -0.09414      1.00000
FS4   -207.93150    -27.20000      0.00866      1.00000
FS4   -211.26150    -27.45500      0.10411      1.00000
FS4   -206.38650    -27.54500      0.02732      1.00000
FS4   -211.81650    -28.07000      0.03441      1.00000
FS4   -208.78650    -28.17500      0.06653      1.00000
FS4   -215.31150    -28.35500     -0.15171      1.00000
FS4   -205.26150    -28.53500      0.08580      1.00000
FS4   -209.59650    -28.71500      0.31057      0.60999
FS4   -208.09650    -30.00500     -0.00627      1.00000
FS4   -211.62150     -5.33000      0.03524      1.00000
