FN4    220.32150     -3.99500     -0.35379      1.00000
FN4    215.83650     -4.50500     -0.49735      1.00000
FN4    214.48650     -6.71000     -0.43794      1.00000
FN4    209.14650     -8.09000     -0.31842      1.00000
FN4    216.25650    -11.34500     -0.25856      1.00000
FN4    208.96650    -13.38500     -0.37084      1.00000
FN4    213.93150    -13.46000     -0.48664      1.00000
FN4    212.95650    -14.39000     -0.42331      1.00000
FN4    208.20150    -14.88500     -0.31274      1.00000
FN4    207.75150     -2.40500     -0.35394      1.00000
FN4    209.59650    -17.51000     -0.29692      1.00000
FN4    223.33650     -2.78000     -0.44591      1.00000
FN4    209.71650    -19.46000     -0.47961      1.00000
FN4    208.63650    -20.01500     -0.32908      1.00000
FN4    218.86650    -24.08000     -0.47968      1.00000
FN4    218.08650    -24.84500     -0.32281      1.00000
FN4    220.69650    -25.59500     -0.35849      1.00000
FN4    207.90150    -28.70000     -0.32343      1.00000
FN4    221.56650    -29.70500     -0.42604      1.00000
FN4    211.21650    -30.15500     -0.37291      1.00000
FN4    210.24150     -3.06500     -0.35990      1.00000
FN4    221.74650     -6.60500     -0.53910      0.64380
FN4    214.02150     -7.52000     -0.51362      0.93364
FN4    209.86650     -8.37500     -0.37660      1.00000
FN4    210.03150    -13.65500     -0.48207      0.76259
FN4    211.56150    -14.09000     -0.56275      0.62193
FN4    210.96150     -4.85000     -0.51898      0.62305
FN4    206.59650    -18.18500     -0.33296      1.00000
FN4    205.48650    -18.39500     -0.22842      0.76953
FN4    220.71150    -18.84500     -0.46598      1.00000
FN4    218.32650    -19.29500     -0.39255      1.00000
FN4    219.27150    -19.76000     -0.50714      0.98671
FN4    207.81150    -20.42000     -0.41329      1.00000
FN4    210.30150    -21.08000     -0.51107      0.72678
FN4    208.32150    -22.46000     -0.39607      1.00000
FN4    211.35150    -23.30000     -0.51384      0.65047
FN4    213.52650    -23.40500     -0.47335      1.00000
FN4    209.22150    -26.10500     -0.51164      0.64698
FN4    216.33150    -29.36000     -0.46155      1.00000
FN4    205.47150    -29.52500     -0.32134      1.00000
FN4    205.50150     -4.94000     -0.35911      1.00000
FN4    209.83650    -30.80000     -0.42918      1.00000
FN4    208.00650     -6.92000     -0.36976      1.00000
FN4    206.43150     -7.34000     -0.40192      1.00000
FN4    215.58150     -7.67000     -0.56667      0.78578
FN4    211.99650     -8.42000     -0.49775      1.00000
FN4    207.19650     -9.44000     -0.39281      1.00000
FN4    210.39150    -14.00000     -0.48603      1.00000
FN4    218.65650     -2.75000     -0.55873      0.77043
FN4    216.81150     -4.29500     -0.57588      0.85959
FN4    220.86150    -15.74000     -0.37396      1.00000
FN4    207.49650    -17.61500     -0.32529      1.00000
FN4    222.07650    -17.99000     -0.46367      1.00000
FN4    212.41650    -17.52500     -0.37661      1.00000
FN4    222.58650    -20.04500     -0.44957      1.00000
FN4    215.16150    -20.51000     -0.46561      1.00000
FN4    217.65150    -21.95000     -0.41904      1.00000
FN4    211.33650    -23.12000     -0.45553      1.00000
FN4    208.02150    -23.40500     -0.36297      1.00000
FN4    206.11650    -28.16000     -0.29343      1.00000
FN4    217.44150    -28.37000     -0.33980      1.00000
FN4    205.45650    -30.11000     -0.24829      1.00000
FN4    207.96150     -7.19000     -0.35784      1.00000
FN4    206.05650    -11.94500     -0.34789      1.00000
FN4    217.36650    -12.15500     -0.39769      1.00000
FN4    219.34650    -12.20000     -0.38983      1.00000
FN4    222.46650    -14.28500     -0.44427      1.00000
FN4    209.76150    -14.58500     -0.42146      1.00000
FN4    206.37150    -15.11000     -0.35641      1.00000
FN4    222.52650     -3.83000     -0.47953      1.00000
FN4    220.86150    -15.83000     -0.31324      0.83989
FN4    206.28150    -16.44500     -0.39593      0.61776
FN4    215.11650     -4.31000     -0.53690      1.00000
FN4    218.52150    -17.25500     -0.41851      1.00000
FN4    213.64650    -17.36000     -0.44415      1.00000
FN4    219.12150    -18.05000     -0.44371      1.00000
FN4    221.52150    -18.92000     -0.44023      1.00000
FN4    222.91650    -19.40000     -0.50574      1.00000
FN4    215.38650    -21.14000     -0.44217      1.00000
FN4    220.80150    -21.17000     -0.45053      1.00000
FN4    206.94150    -21.87500     -0.32410      1.00000
FN4    210.69150    -21.99500     -0.40346      0.75273
FN4    207.67650    -22.65500     -0.38432      1.00000
FN4    214.27650    -23.45000     -0.51557      1.00000
FN4    211.75650    -27.71000     -0.45202      1.00000
FN4    211.65150    -29.06000     -0.42110      1.00000
FN4    218.46150    -29.72000     -0.38262      1.00000
FN4    206.04150    -29.85500     -0.37351      0.69129
FN4    217.59150     -5.75000     -0.51063      1.00000
FN3    211.54650     27.50000     -0.03293      1.00000
FN3    214.12650     26.69000     -0.06049      1.00000
FN3    211.27650     25.91000     -0.00979      1.00000
FN3    208.93650     21.11000     -0.00069      1.00000
FN3    211.65150     21.06500      0.02411      1.00000
FN3    217.05150     20.37500     -0.07122      1.00000
FN3    218.17650     17.93000     -0.15010      1.00000
FN3    222.33150     17.75000     -0.24932      1.00000
FN3    221.49150     17.42000     -0.19771      1.00000
FN3    217.54650     29.15000     -0.10312      1.00000
FN3    206.19150     14.82500      0.02510      1.00000
FN3    211.02150     12.84500      0.02334      1.00000
FN3    205.56150     12.77000     -0.04018      1.00000
FN3    218.07150     28.29500     -0.05379      1.00000
FN3    213.49650      9.42500     -0.04056      1.00000
FN3    212.17650      8.54000     -0.03713      1.00000
FN3    210.09150      4.04000     -0.00122      1.00000
FN3    211.62150      3.62000     -0.01276      1.00000
FN3    215.95650      3.42500     -0.08985      1.00000
FN3    213.99150     30.26000     -0.07326      1.00000
FN3    208.81650     30.18500     -0.04633      1.00000
FN3    206.94150     27.89000      0.03040      1.00000
FN3    208.65150     27.80000     -0.00399      1.00000
FN3    211.77150     27.26000     -0.00099      1.00000
FN3    210.52650     26.91500      0.04937      1.00000
FN3    209.26650     26.28500     -0.07652      1.00000
FN3    213.33150     26.13500     -0.01634      1.00000
FN3    218.97150     25.79000     -0.08197      1.00000
FN3    207.30150     25.76000      0.04692      1.00000
FN3    215.89650     23.49500     -0.04620      1.00000
FN3    217.90650     23.25500     -0.08493      1.00000
FN3    206.65650     22.76000      0.06699      1.00000
FN3    215.34150     22.25000     -0.08761      1.00000
FN3    216.58650     22.95500     -0.07246      1.00000
FN3    211.98150     21.72500     -0.01168      1.00000
FN3    207.97650     20.72000      0.04058      1.00000
FN3    209.95650     20.43500      0.00850      1.00000
FN3    216.04650     19.92500     -0.05147      1.00000
FN3    213.07650     19.44500      0.03291      1.00000
FN3    218.38650     17.81000     -0.09981      1.00000
FN3    217.68150     16.82000     -0.03439      0.77862
FN3    212.01150     16.04000     -0.01560      1.00000
FN3    209.05650     16.05500      0.08366      1.00000
FN3    221.16150     15.62000     -0.24956      1.00000
FN3    206.34150     13.49000      0.03772      1.00000
FN3    217.57650     11.12000     -0.07056      1.00000
FN3    218.10150     10.28000     -0.06486      1.00000
FN3    211.57650      9.47000      0.00898      1.00000
FN3    208.50150      9.08000     -0.03636      1.00000
FN3    214.15650      8.66000     -0.01556      1.00000
FN3    211.32150      7.88000     -0.00408      1.00000
FN3    218.10150      7.82000     -0.15505      0.90224
FN3    219.31650      7.70000     -0.11060      1.00000
FN3    210.79650      5.46500      0.03188      1.00000
FN3    208.96650      3.08000      0.00579      1.00000
FN3    211.68150      3.02000      0.00139      1.00000
FN3    215.89650      2.96000      0.05644      0.73028
FN3    214.77150      2.88500      0.02937      1.00000
FN3    217.09650      2.37500     -0.08205      1.00000
FN3    212.43150     29.82500      0.00014      1.00000
FN3    205.68150     26.84000      0.00166      1.00000
FN3    209.14650     26.67500     -0.00668      1.00000
FN3    209.74650     25.26500     -0.02591      1.00000
FN3    220.95150     25.19000     -0.13531      1.00000
FN3    210.37650     23.33000     -0.06418      1.00000
FN3    207.84150     22.55000     -0.02489      1.00000
FN3    218.73150     21.84500     -0.10224      1.00000
FN3    210.88650     20.88500     -0.02805      1.00000
FN3    212.07150     18.66500     -0.00537      1.00000
FN3    217.35150     17.51000     -0.03388      1.00000
FN3    208.95150     17.60000     -0.01472      1.00000
FN3    205.96650     16.16000      0.04390      1.00000
FN3    220.63650     15.92000     -0.12975      1.00000
FN3    210.39150     15.78500     -0.00353      1.00000
FN3    210.22650     13.58000     -0.01067      1.00000
FN3    208.08150     13.19000     -0.00804      1.00000
FN3    206.86650     11.94500      0.03110      1.00000
FN3    210.49650     10.11500      0.01285      1.00000
FN3    209.91150      7.34000      0.06403      1.00000
FN3    210.36150      5.96000      0.00116      1.00000
FN3    216.73650      3.47000     -0.06450      1.00000
FN3    213.06150     18.90500      0.00872      1.00000
FN3    220.33650     18.75500     -0.13078      1.00000
FN2    184.67550    122.69000     -0.08526      1.00000
FN2    183.04050    120.33500     -0.04757      1.00000
FN2    181.04550    119.49500     -0.05059      1.00000
FN2    178.06050    116.27000     -0.05070      1.00000
FN2    184.46550    115.52000     -0.12529      1.00000
FN2    179.02050    113.84000     -0.08137      1.00000
FN2    181.72050    113.60000     -0.03137      1.00000
FN2    186.80550    112.23500     -0.22123      1.00000
FN2    186.77550    110.70500     -0.10764      1.00000
FN2    176.87550    109.71500     -0.06039      1.00000
FN2    174.44550    109.65500      0.07966      1.00000
FN2    182.17050    125.58500      0.01476      1.00000
FN2    176.62050    108.63500     -0.01821      1.00000
FN2    176.21550    106.67000     -0.00096      1.00000
FN2    196.69050    106.65500     -0.22981      1.00000
FN2    172.30050    106.50500     -0.00631      1.00000
FN2    174.19050    104.16500      0.02545      1.00000
FN2    183.47550    102.87500     -0.06800      1.00000
FN2    171.91050    101.45000      0.02168      1.00000
FN2    193.39050    101.42000     -0.11508      1.00000
FN2    172.30050    100.85000     -0.01147      1.00000
FN2    190.61550    100.35500     -0.15663      1.00000
FN2    184.12050     98.96000     -0.12458      1.00000
FN2    194.65050     98.73500     -0.12422      1.00000
FN2    175.09050    120.80000     -0.10810      1.00000
FN2    178.34550    120.44000     -0.12483      1.00000
FN2    185.47050    118.92500     -0.08108      1.00000
FN2    176.89050    116.46500     -0.11412      1.00000
FN2    183.37050    115.02500     -0.15529      1.00000
FN2    179.84550    114.12500     -0.05690      1.00000
FN2    192.70050    113.94500     -0.10721      1.00000
FN2    185.35050    113.69000     -0.10550      1.00000
FN2    183.47550    113.31500     -0.16600      1.00000
FN2    176.68050    112.91000     -0.09644      1.00000
FN2    183.07050    112.19000     -0.12883      1.00000
FN2    183.92550    111.89000     -0.18393      1.00000
FN2    174.44550    111.03500     -0.06628      1.00000
FN2    193.07550    110.93000     -0.13005      1.00000
FN2    176.38050    109.26500     -0.09019      1.00000
FN2    179.05050    109.25000     -0.01486      1.00000
FN2    177.31050    124.92500     -0.07466      1.00000
FN2    178.07550    108.35000     -0.15807      0.66193
FN2    188.38050    107.04500     -0.24784      0.86656
FN2    187.37550    122.42000     -0.12071      1.00000
FN2    188.72550    106.28000     -0.17045      1.00000
FN2    186.20550    105.75500     -0.27816      0.63336
FN2    186.98550    105.56000     -0.20790      1.00000
FN2    188.21550    105.50000     -0.16278      1.00000
FN2    184.61550    104.64500     -0.23894      0.67869
FN2    181.66050    122.09000     -0.07253      1.00000
FN2    182.98050    102.29000     -0.15978      1.00000
FN2    181.00050    101.45000     -0.20782      0.64277
FN2    183.01050    101.06000     -0.11626      1.00000
FN2    192.83550    100.19000     -0.27380      0.69829
FN2    199.21050     98.45000     -0.02945      0.80471
FN2    193.79550     98.24000     -0.19277      1.00000
FN2    178.00050     98.22500     -0.08441      1.00000
FN2    186.91050    122.45000     -0.15364      1.00000
FN2    173.90550    120.87500     -0.19386      1.00000
FN2    178.52550    120.50000     -0.13969      1.00000
FN2    172.25550    120.47000     -0.03445      1.00000
FN2    187.19550    119.30000     -0.15841      1.00000
FN2    177.16050    117.21500     -0.12593      1.00000
FN2    183.85050    116.64500     -0.18582      1.00000
FN2    173.27550    116.33000     -0.03421      1.00000
FN2    191.62050    114.98000     -0.15807      1.00000
FN2    180.11550    114.27500     -0.18409      0.73833
FN2    173.35050    113.61500     -0.07783      1.00000
FN2    188.72550    113.48000     -0.14925      1.00000
FN2    178.01550    113.48000     -0.04767      1.00000
FN2    173.33550    112.49000     -0.10607      1.00000
FN2    190.66050    111.72500     -0.13851      1.00000
FN2    178.40550    124.74500     -0.04868      1.00000
FN2    177.67050    123.87500     -0.09092      1.00000
FN2    197.26050    104.73500     -0.26458      1.00000
FN2    195.26550    103.91000     -0.27440      1.00000
FN2    184.00050    103.68500     -0.22364      1.00000
FN2    197.27550    103.50500     -0.07246      1.00000
FN2    190.70550    100.89500     -0.17239      1.00000
FN2    192.29550    100.67000     -0.26321      1.00000
FN2    187.91550     99.54500     -0.20946      1.00000
FN2    196.55550     99.03500     -0.19334      1.00000
FN2    186.38550     98.58500     -0.25392      0.78862
FN2    193.24050     98.24000     -0.24870      1.00000
FN2    191.62050     98.10500     -0.23938      1.00000
FN2    195.94050     98.04500     -0.18220      1.00000
FN2    180.53550    126.11000     -0.04411      1.00000
FN2    176.35050    122.67500     -0.02757      1.00000
FN2    190.75050    117.12500     -0.13819      1.00000
FN2    172.51050    115.59500     -0.12753      0.93012
FN2    174.92550    115.07000     -0.11959      1.00000
FN2    175.99050    114.95000     -0.13641      1.00000
FN2    186.43050    114.81500     -0.12409      1.00000
FN2    184.01550    113.84000     -0.18427      1.00000
FN2    184.39050    112.47500     -0.17561      1.00000
FN2    173.92050    111.66500     -0.11628      0.99797
FN2    179.71050    110.34500     -0.16186      0.60545
FN2    188.71050    110.28500     -0.14239      1.00000
FN2    190.90050    109.26500     -0.12948      1.00000
FN2    190.49550    107.30000     -0.11521      0.69658
FN2    181.04550    107.09000     -0.18127      1.00000
FN2    178.30050    106.41500     -0.05831      1.00000
FN2    184.60050    105.24500     -0.18703      1.00000
FN2    191.47050    105.05000     -0.14169      0.85694
FN2    188.47050    104.79500     -0.21291      1.00000
FN2    186.59550    103.23500     -0.16716      0.83134
FN2    178.48050    100.61000     -0.10359      1.00000
FN2    188.66550     98.85500     -0.17139      1.00000
FN2    178.16550     97.95500     -0.15073      1.00000
FN1    154.56450    154.20000     -0.05205      1.00000
FN1    150.72450    152.61000     -0.12276      1.00000
FN1    138.73950    151.45500     -0.08911      1.00000
FN1    162.87450    150.39000     -0.08233      1.00000
FN1    156.81450    149.59500     -0.08354      1.00000
FN1    161.76450    149.07000     -0.07868      1.00000
FN1    153.34950    147.88500     -0.13450      1.00000
FN1    146.79450    147.34500     -0.02934      1.00000
FN1    149.22450    147.18000     -0.04947      1.00000
FN1    159.33450    147.09000     -0.07663      1.00000
FN1    155.97450    146.64000     -0.07934      1.00000
FN1    141.84450    157.32000     -0.01479      1.00000
FN1    157.26450    143.98500     -0.05527      1.00000
FN1    140.50950    143.88000     -0.07266      1.00000
FN1    144.13950    156.96000     -0.03837      1.00000
FN1    144.63450    143.26500     -0.08579      1.00000
FN1    159.58950    156.54000     -0.12120      1.00000
FN1    160.72950    142.87500     -0.05756      1.00000
FN1    142.30950    142.65000     -0.12814      1.00000
FN1    139.03950    142.38000     -0.09355      1.00000
FN1    166.38450    141.97500     -0.13228      1.00000
FN1    156.42450    141.91500     -0.02606      1.00000
FN1    157.15950    141.82500     -0.08562      1.00000
FN1    152.14950    141.63000     -0.10098      1.00000
FN1    144.76950    141.46500     -0.06564      1.00000
FN1    153.85950    140.61000     -0.07212      1.00000
FN1    148.56450    140.55000     -0.08701      1.00000
FN1    164.23950    140.61000     -0.04725      1.00000
FN1    140.52450    140.49000     -0.09414      1.00000
FN1    143.61450    139.68000     -0.08013      1.00000
FN1    163.51950    139.74000     -0.08516      1.00000
FN1    146.07450    139.69500     -0.06193      1.00000
FN1    165.36450    138.96000     -0.08899      1.00000
FN1    149.82450    138.85500     -0.09237      1.00000
FN1    150.73950    137.25000     -0.10243      1.00000
FN1    159.70950    136.71000     -0.04985      1.00000
FN1    158.07450    136.33500     -0.04801      1.00000
FN1    143.41950    135.63000     -0.07143      1.00000
FN1    152.59950    135.19500     -0.04325      1.00000
FN1    153.33450    134.73000     -0.05743      1.00000
FN1    141.22950    134.04000     -0.07834      1.00000
FN1    162.99450    133.08000     -0.10136      1.00000
FN1    140.28450    132.66000     -0.08732      1.00000
FN1    163.60950    131.50500     -0.09902      1.00000
FN1    149.89950    130.09500     -0.08195      1.00000
FN1    156.70950    156.12000      0.02636      0.81394
FN1    151.84950    155.35500     -0.00425      1.00000
FN1    140.04450    153.96000      0.00846      1.00000
FN1    158.32950    153.85500     -0.00472      1.00000
FN1    148.92450    152.80500      0.00337      1.00000
FN1    139.96950    152.05500     -0.00495      1.00000
FN1    150.39450    152.04000      0.02089      0.73231
FN1    143.86950    151.66500      0.00960      1.00000
FN1    142.48950    151.47000      0.00239      1.00000
FN1    164.58450    150.28500      0.00584      1.00000
FN1    146.11950    150.21000      0.01506      1.00000
FN1    154.54950    149.59500     -0.01295      1.00000
FN1    157.03950    148.83000      0.04257      0.73559
FN1    144.75450    148.62000     -0.06549      1.00000
FN1    142.06950    147.67500     -0.09313      1.00000
FN1    154.23450    147.06000     -0.01383      1.00000
FN1    162.37950    146.23500      0.00070      1.00000
FN1    157.02450    146.16000      0.03991      0.84101
FN1    158.37450    145.56000     -0.02095      1.00000
FN1    142.29450    144.96000     -0.01063      1.00000
FN1    146.73450    144.52500     -0.02165      1.00000
FN1    145.80450    144.07500     -0.01039      1.00000
FN1    160.26450    143.94000     -0.02440      1.00000
FN1    159.93450    142.89000     -0.02493      1.00000
FN1    147.66450    141.51000      0.01555      1.00000
FN1    158.73450    141.43500     -0.18792      0.74466
FN1    153.99450    158.07000     -0.07718      1.00000
FN1    166.21950    141.00000     -0.00496      1.00000
FN1    144.03450    138.84000     -0.00214      1.00000
FN1    138.76950    138.33000      0.02650      0.83593
FN1    153.22950    137.74500      0.02718      0.99143
FN1    165.39450    137.26500      0.00623      1.00000
FN1    154.47450    136.11000     -0.01793      1.00000
FN1    163.08450    133.90500     -0.10515      1.00000
FN1    162.78450    132.30000      0.01844      0.85830
FN1    156.72450    131.50500      0.02153      1.00000
FN1    161.67450    130.98000     -0.03343      1.00000
FN1    154.24950    154.53000      0.00675      1.00000
FN1    158.14950    154.14000      0.00044      1.00000
FN1    156.73950    153.91500      0.02272      1.00000
FN1    147.90450    153.72000      0.10018      0.79942
FN1    160.39950    152.67000     -0.01483      1.00000
FN1    159.04950    151.09500     -0.01614      1.00000
FN1    148.00950    150.85500     -0.04190      1.00000
FN1    156.34950    150.15000     -0.05417      1.00000
FN1    150.06450    150.06000     -0.04815      1.00000
FN1    140.23950    149.37000     -0.02627      1.00000
FN1    157.29450    148.12500      0.04974      1.00000
FN1    147.66450    147.54000      0.00390      1.00000
FN1    144.61950    147.22500     -0.01788      1.00000
FN1    156.57450    147.43500     -0.00049      1.00000
FN1    161.01450    146.98500      0.00923      1.00000
FN1    160.08450    146.53500     -0.01365      1.00000
FN1    143.32950    145.44000     -0.04820      1.00000
FN1    147.09450    158.16000     -0.04215      1.00000
FN1    138.51450    144.66000     -0.02378      1.00000
FN1    145.98450    144.64500      0.02620      1.00000
FN1    161.95950    143.98500      0.00877      1.00000
FN1    139.53450    142.23000     -0.04150      1.00000
FN1    156.03450    141.67500      0.00900      1.00000
FN1    147.64950    141.55500     -0.00129      1.00000
FN1    138.96450    141.25500     -0.04404      1.00000
FN1    138.54450    156.84000      0.00490      1.00000
FN1    147.10950    140.40000     -0.01316      1.00000
FN1    154.33950    156.42000      0.03787      1.00000
FN1    161.95950    139.89000     -0.02794      1.00000
FN1    143.13450    155.95500     -0.01926      1.00000
FN1    144.55950    139.12500     -0.04092      1.00000
FN1    145.26450    139.11000     -0.01956      1.00000
FN1    152.92950    135.79500      0.06683      0.94481
FN1    147.34950    134.88000     -0.00866      1.00000
FN1    145.47450    133.89000     -0.01514      1.00000
FN1    139.39950    133.65000     -0.01769      1.00000
FN1    155.28450    132.94500      0.05792      1.00000
FN1    145.57950    132.60000     -0.02608      1.00000
FN1    146.37450    155.20500      0.00451      1.00000
FN1    160.98450    131.71500     -0.00266      1.00000
FN1    163.42950    131.55000      0.04315      0.76505
FN1    156.12450    157.96500     -0.00676      1.00000
FN1    147.19950    156.70500     -0.03996      1.00000
FN1    149.73450    156.13500      0.00985      1.00000
FN1    144.64950    155.43000     -0.03179      1.00000
FN1    139.66950    154.45500      0.01721      1.00000
FN1    147.43950    151.18500     -0.00569      1.00000
FN1    145.56450    150.19500      0.01778      1.00000
FN1    139.48950    149.95500     -0.08593      1.00000
FN1    145.66950    148.90500     -0.06130      1.00000
FN1    161.07450    148.00500     -0.03322      1.00000
FN1    163.51950    147.82500     -0.04393      1.00000
FN1    149.70450    146.16000     -0.02147      1.00000
FN1    152.88450    145.03500     -0.04409      1.00000
FN1    162.30450    144.69000      0.02036      1.00000
FN1    154.80450    144.52500     -0.04353      1.00000
FN1    158.91450    143.91000     -0.05747      1.00000
FN1    164.16450    143.74500     -0.00505      1.00000
FN1    147.73950    157.86000     -0.06304      1.00000
FN1    166.60950    143.53500     -0.09933      1.00000
FN1    139.68450    143.40000     -0.06819      1.00000
FN1    156.58950    143.28000     -0.01924      1.00000
FN1    153.33450    143.02500     -0.05147      1.00000
FN1    166.42950    142.27500     -0.06077      1.00000
FN1    154.11450    142.12500     -0.04558      1.00000
FN1    159.01950    142.11000     -0.08948      1.00000
FN1    159.85950    141.81000     -0.15046      0.81336
FN1    161.91450    141.49500     -0.02557      1.00000
FN1    162.85950    141.19500     -0.01158      1.00000
FN1    154.80450    141.13500     -0.04154      1.00000
FN1    158.41950    157.60500     -0.02025      1.00000
FN1    146.08950    140.67000     -0.07792      1.00000
FN1    139.17450    140.41500     -0.05311      1.00000
FN1    157.89450    140.32500     -0.05276      1.00000
FN1    160.35450    140.34000     -0.02594      1.00000
FN1    165.85950    139.87500     -0.00263      0.96320
FN1    164.10450    139.50000     -0.04533      1.00000
FN1    139.05450    157.57500     -0.01380      1.00000
FN1    165.03450    137.89500     -0.02045      1.00000
FN1    151.39950    137.71500     -0.05429      1.00000
FN1    159.00450    137.07000     -0.08401      1.00000
FN1    150.43950    136.36500     -0.03485      1.00000
FN1    164.76450    136.29000      0.01050      0.96661
FN1    157.69950    136.27500     -0.04358      1.00000
FN1    160.12950    134.85000     -0.05440      1.00000
FN1    155.50950    134.70000     -0.06339      0.78566
FN1    154.56450    133.30500     -0.04706      1.00000
FN1    160.02450    132.01500     -0.06610      1.00000
FN1    153.06450    131.94000      0.02781      1.00000
FN1    162.91950    131.76000     -0.02863      1.00000
FN1    142.65450    131.11500     -0.07498      1.00000
FS1   -144.67950    157.14000      0.21384      1.00000
FS1   -139.78950    156.49500      0.21938      1.00000
FS1   -146.17950    155.20500      0.10814      1.00000
FS1   -155.38950    154.38000      0.12268      1.00000
FS1   -155.44950    153.13500      0.14214      1.00000
FS1   -160.62450    152.83500      0.11537      1.00000
FS1   -155.35950    151.09500      0.14358      1.00000
FS1   -151.20450    150.96000      0.14712      1.00000
FS1   -143.85450    150.72000      0.15370      1.00000
FS1   -159.19950    150.81000      0.16729      1.00000
FS1   -146.14950    150.72000      0.30086      1.00000
FS1   -154.09950    150.57000      0.16778      1.00000
FS1   -149.95950    149.50500      0.18419      1.00000
FS1   -160.47450    149.11500      0.09857      1.00000
FS1   -155.49450    148.23000      0.17093      1.00000
FS1   -162.58950    147.27000      0.29621      1.00000
FS1   -146.95950    146.68500      0.15895      1.00000
FS1   -149.53950    145.68000      0.11559      1.00000
FS1   -142.42950    144.55500      0.17702      1.00000
FS1   -151.68450    144.15000      0.22321      1.00000
FS1   -144.00450    143.89500      0.17043      1.00000
FS1   -153.78450    141.96000      0.17611      1.00000
FS1   -138.33450    141.54000      0.07035      1.00000
FS1   -159.00450    141.57000      0.19409      1.00000
FS1   -146.86950    141.30000      0.15405      1.00000
FS1   -150.34950    140.02500      0.17408      1.00000
FS1   -163.05450    139.11000      0.07854      1.00000
FS1   -153.73950    138.57000      0.14715      1.00000
FS1   -147.46950    138.19500      0.20286      1.00000
FS1   -165.19950    135.97500      0.09577      1.00000
FS1   -154.56450    135.52500      0.14153      1.00000
FS1   -147.54450    134.88000      0.18092      1.00000
FS1   -143.14950    132.66000      0.19109      1.00000
FS1   -158.22450    132.21000      0.16145      1.00000
FS1   -160.26450    130.06500      0.14265      1.00000
FS1   -138.64950    154.83000      0.15982      1.00000
FS1   -139.56450    154.78500      0.12530      1.00000
FS1   -156.24450    154.35000      0.07569      1.00000
FS1   -148.89450    151.80000      0.14771      1.00000
FS1   -160.36950    151.35000      0.10920      1.00000
FS1   -140.52450    150.76500      0.16243      1.00000
FS1   -146.79450    150.60000      0.21968      1.00000
FS1   -155.01450    150.40500      0.05181      0.92389
FS1   -162.46950    149.98500      0.07481      1.00000
FS1   -158.22450    149.83500      0.11492      1.00000
FS1   -156.51450    149.19000      0.14279      1.00000
FS1   -143.40450    148.45500      0.19189      1.00000
FS1   -157.93950    148.32000      0.15253      1.00000
FS1   -142.33950    147.03000      0.10813      1.00000
FS1   -149.23950    146.50500      0.12466      1.00000
FS1   -154.83450    145.51500      0.19326      1.00000
FS1   -141.63450    145.41000      0.09417      1.00000
FS1   -144.30450    145.15500      0.14520      1.00000
FS1   -142.92450    145.06500      0.06573      0.90181
FS1   -160.23450    143.79000      0.08660      1.00000
FS1   -163.69950    142.54500      0.05692      0.90485
FS1   -157.60950    142.36500      0.10581      1.00000
FS1   -156.03450    142.35000      0.13172      1.00000
FS1   -148.86450    141.57000      0.11129      1.00000
FS1   -140.86950    140.86500      0.12526      1.00000
FS1   -163.62450    140.74500      0.07607      1.00000
FS1   -148.62450    140.19000      0.18959      1.00000
FS1   -154.51950    157.08000      0.09944      1.00000
FS1   -144.70950    138.78000      0.22657      1.00000
FS1   -139.83450    138.15000      0.06881      1.00000
FS1   -163.11450    136.83000      0.10340      1.00000
FS1   -147.58950    136.81500      0.21808      1.00000
FS1   -155.43450    136.02000      0.03165      0.82026
FS1   -155.49450    134.77500      0.14432      1.00000
FS1   -160.66950    134.46000      0.13463      1.00000
FS1   -155.40450    132.73500      0.11919      1.00000
FS1   -151.23450    132.60000      0.20689      1.00000
FS1   -146.19450    132.36000      0.27192      1.00000
FS1   -154.12950    132.21000      0.12230      1.00000
FS1   -157.27950    132.21000      0.02977      0.76739
FS1   -149.98950    131.14500      0.09366      1.00000
FS1   -160.51950    130.77000      0.11036      1.00000
FS1   -155.52450    129.90000      0.13616      1.00000
FS1   -149.43450    152.94000      0.15138      1.00000
FS1   -140.74950    152.86500      0.18098      1.00000
FS1   -139.41450    151.36500      0.11685      1.00000
FS1   -163.50450    150.09000      0.05353      1.00000
FS1   -138.27450    148.65000      0.10880      1.00000
FS1   -142.09950    148.35000      0.19432      1.00000
FS1   -140.55450    147.99000      0.14144      1.00000
FS1   -159.73950    145.41000      0.04502      0.92317
FS1   -141.76950    144.81000      0.11631      1.00000
FS1   -153.73950    144.40500      0.17860      1.00000
FS1   -147.82950    143.41500      0.03663      0.90960
FS1   -149.35950    143.20500      0.11650      1.00000
FS1   -159.04950    140.91000      0.06460      1.00000
FS1   -157.96950    139.62000      0.04921      0.94059
FS1   -149.58450    139.75500      0.11167      1.00000
FS1   -154.81950    139.77000      0.12826      1.00000
FS1   -148.84950    139.29000      0.12628      1.00000
FS1   -156.72450    138.78000      0.02254      0.92734
FS1   -155.82450    138.58500      0.05435      1.00000
FS1   -141.16950    138.48000      0.06066      1.00000
FS1   -161.23950    138.21000      0.04609      1.00000
FS1   -141.22950    137.23500      0.09549      1.00000
FS1   -153.31950    157.44000      0.10733      1.00000
FS1   -141.13950    135.21000      0.09650      1.00000
FS1   -144.96450    134.92500      0.11892      0.97488
FS1   -152.70450    134.68500      0.08711      1.00000
FS1   -139.86450    134.67000      0.08802      1.00000
FS1   -139.53450    132.91500      0.04515      0.68148
FS1   -161.25450    132.36000      0.10554      1.00000
FS1   -141.25950    132.33000      0.16561      1.00000
FS1   -148.35450    131.37000      0.16707      1.00000
FS1   -154.57950    129.93000      0.11421      1.00000
FS1   -141.18450    153.75000      0.14652      1.00000
FS1   -139.50450    149.44500      0.06175      0.82408
FS1   -162.33450    142.00500      0.05908      1.00000
FS1   -156.30450    138.84000      0.12190      0.77853
FS1   -150.93450    136.59000      0.08169      0.97814
FS1   -143.85450    136.48500      0.12647      1.00000
FS1   -158.38950    136.47000      0.13110      0.80053
FS1   -140.28450    136.14000      0.12388      1.00000
FS1   -138.84450    133.53000      0.11369      1.00000
FS1   -143.95950    132.82500      0.10582      0.69423
FS1   -156.01950    132.25500      0.02455      0.73887
FS1   -144.12450    131.80500      0.11595      0.73507
FS2   -184.03050    123.60500     -0.13511      1.00000
FS2   -180.73050    123.30500     -0.02832      1.00000
FS2   -188.15550    120.90500     -0.04790      1.00000
FS2   -175.66050    120.69500      0.00975      1.00000
FS2   -174.10050    120.26000     -0.01234      1.00000
FS2   -188.24550    119.61500     -0.08440      1.00000
FS2   -187.79550    118.65500     -0.07212      1.00000
FS2   -178.82550    117.50000     -0.01646      1.00000
FS2   -190.72050    117.33500     -0.10933      1.00000
FS2   -184.48050    115.34000     -0.05053      1.00000
FS2   -182.23050    113.76500     -0.04604      1.00000
FS2   -174.31050    113.37500     -0.00118      1.00000
FS2   -191.77050    113.30000     -0.05869      1.00000
FS2   -188.72550    113.25500      0.03899      1.00000
FS2   -172.82550    113.66000     -0.00212      1.00000
FS2   -194.69550    112.35500     -0.06236      1.00000
FS2   -193.01550    109.95500     -0.10820      1.00000
FS2   -172.13550    108.47000     -0.00916      1.00000
FS2   -181.97550    108.38000     -0.04712      1.00000
FS2   -174.14550    107.73500     -0.04911      1.00000
FS2   -172.42050    107.33000     -0.02142      1.00000
FS2   -197.59050    107.13500     -0.15334      1.00000
FS2   -190.91550    106.71500      0.01630      1.00000
FS2   -189.89550    106.49000     -0.14907      1.00000
FS2   -171.80550    105.89000     -0.02201      1.00000
FS2   -192.14550    105.12500     -0.08613      1.00000
FS2   -192.92550    102.66500     -0.03438      1.00000
FS2   -196.21050    102.35000     -0.12917      1.00000
FS2   -181.03050    102.24500     -0.09967      1.00000
FS2   -183.83550    101.34500      0.08836      1.00000
FS2   -194.00550    101.12000     -0.04973      1.00000
FS2   -194.84550    100.73000     -0.11527      1.00000
FS2   -172.13550    100.28000     -0.07208      1.00000
FS2   -174.65550    100.16000     -0.04878      1.00000
FS2   -192.40050     99.26000     -0.06504      1.00000
FS2   -173.18550     98.51000     -0.04876      1.00000
FS2   -175.60050     98.43500     -0.15856      1.00000
FS2   -184.60050     97.73000      0.00248      1.00000
FS2   -172.12050    123.96500      0.04545      1.00000
FS2   -176.87550    123.08000      0.02365      1.00000
FS2   -183.04050    121.83500     -0.04607      1.00000
FS2   -172.21050    121.55000      0.09215      0.98389
FS2   -189.20550    120.78500     -0.10177      1.00000
FS2   -180.85050    120.20000     -0.01769      1.00000
FS2   -177.83550    119.67500     -0.05468      1.00000
FS2   -190.21050    119.37500     -0.09238      1.00000
FS2   -192.17550    117.26000     -0.09103      1.00000
FS2   -189.92550    117.17000     -0.06549      1.00000
FS2   -172.55550    116.57000      0.03669      1.00000
FS2   -185.15550    116.36000     -0.02240      1.00000
FS2   -182.36550    114.89000     -0.02745      1.00000
FS2   -174.34050    114.06500     -0.02348      1.00000
FS2   -174.86550    112.52000      0.00084      1.00000
FS2   -192.16050    112.04000     -0.08599      1.00000
FS2   -194.00550    111.56000     -0.05276      1.00000
FS2   -182.21550    110.97500     -0.02056      1.00000
FS2   -179.33550    124.56500     -0.04547      1.00000
FS2   -173.78550    109.76000      0.03449      1.00000
FS2   -175.64550    109.37000      0.03232      1.00000
FS2   -179.23050    109.32500     -0.00692      1.00000
FS2   -173.08050    108.68000      0.02260      1.00000
FS2   -187.00050    108.62000     -0.06571      1.00000
FS2   -188.11050    108.38000     -0.07463      1.00000
FS2   -173.72550    107.91500     -0.00383      1.00000
FS2   -187.55550    107.78000     -0.05569      1.00000
FS2   -192.58050    107.73500     -0.10794      1.00000
FS2   -185.95050    107.58500     -0.03627      1.00000
FS2   -190.94550    107.06000     -0.09474      1.00000
FS2   -189.43050    106.22000     -0.04603      1.00000
FS2   -192.34050    105.36500     -0.05834      1.00000
FS2   -184.04550    105.21500     -0.04030      1.00000
FS2   -175.33050    105.20000     -0.05490      1.00000
FS2   -180.73050    104.91500     -0.07770      1.00000
FS2   -199.40550    102.45500     -0.12860      1.00000
FS2   -195.29550    102.62000     -0.10720      1.00000
FS2   -175.66050    102.30500      0.02682      0.90924
FS2   -188.24550    101.22500     -0.04216      1.00000
FS2   -187.79550    100.26500     -0.03489      1.00000
FS2   -178.81050     99.11000     -0.00039      1.00000
FS2   -190.72050     98.93000     -0.05330      1.00000
FS2   -186.43050    124.19000     -0.02328      1.00000
FS2   -174.94050    123.27500      0.06009      1.00000
FS2   -175.63050    119.66000      0.05526      1.00000
FS2   -188.74050    117.11000     -0.02298      1.00000
FS2   -190.03050    115.86500      0.00831      1.00000
FS2   -177.77550    115.85000     -0.00823      1.00000
FS2   -185.32050    115.77500      0.01790      1.00000
FS2   -177.86550    114.53000      0.00613      1.00000
FS2   -179.72550    114.03500      0.02431      1.00000
FS2   -171.67050    110.06000      0.01926      1.00000
FS2   -192.46050    108.93500     -0.05310      1.00000
FS2   -183.22050    108.80000      0.01822      1.00000
FS2   -182.87550    107.40500     -0.00979      1.00000
FS2   -196.54050    104.79500     -0.08033      1.00000
FS2   -190.25550    104.75000      0.00328      1.00000
FS2   -198.17550    104.28500     -0.10963      1.00000
FS2   -173.51550    102.74000      0.00788      1.00000
FS2   -179.57550    102.05000      0.02580      1.00000
FS2   -178.01550    102.08000      0.01762      1.00000
FS2   -194.93550    101.97500     -0.02177      1.00000
FS2   -176.42550    101.42000      0.03824      1.00000
FS2   -199.72050    101.01500     -0.09675      1.00000
FS2   -181.85550    100.31000     -0.05126      1.00000
FS2   -182.06550     99.03500      0.06187      1.00000
FS2   -182.87550    123.96500     -0.04554      1.00000
FS2   -183.95550    122.87000     -0.06551      1.00000
FS2   -181.01550    121.65500     -0.02382      1.00000
FS2   -185.11050    121.49000     -0.07303      1.00000
FS2   -173.87550    121.55000     -0.04532      0.72830
FS2   -187.57050    120.36500     -0.01755      1.00000
FS2   -173.51550    119.28500     -0.01308      1.00000
FS2   -188.00550    118.16000     -0.03644      1.00000
FS2   -187.61550    117.29000     -0.03481      1.00000
FS2   -181.88550    116.81000      0.01177      1.00000
FS2   -190.52550    113.13500     -0.07008      1.00000
FS2   -183.22050    125.34500     -0.03123      1.00000
FS2   -182.15550    108.26000     -0.03589      1.00000
FS2   -197.42550    105.86000     -0.06252      1.00000
FS2   -181.91550    102.98000     -0.04819      1.00000
FS2   -185.15550    101.31500     -0.05631      0.80872
FS2   -194.71050     98.58500     -0.08923      1.00000
FS2   -198.47550     97.71500     -0.10207      1.00000
FS3   -209.10150     30.35000      0.07735      1.00000
FS3   -218.40150     23.07500     -0.11226      1.00000
FS3   -213.45150     21.54500     -0.14201      1.00000
FS3   -209.67150     19.55000     -0.06234      1.00000
FS3   -211.36650     18.86000     -0.09823      1.00000
FS3   -210.37650     15.08000     -0.07728      1.00000
FS3   -210.99150     12.41000     -0.10123      1.00000
FS3   -212.62650     11.96000     -0.06888      1.00000
FS3   -219.60150     30.06500     -0.18677      1.00000
FS3   -208.98150     10.71500     -0.08555      1.00000
FS3   -220.53150      9.33500     -0.12041      1.00000
FS3   -206.32650     28.01000     -0.00378      1.00000
FS3   -211.71150     28.10000     -0.17486      1.00000
FS3   -216.85650      7.22000     -0.01511      1.00000
FS3   -222.79650      6.95000     -0.35058      1.00000
FS3   -219.69150      5.36000     -0.03467      1.00000
FS3   -212.26650      4.58000     -0.02867      1.00000
FS3   -220.72650      3.53000     -0.13359      1.00000
FS3   -211.99650      3.03500      0.04220      1.00000
FS3   -208.36650     29.60000      0.03885      1.00000
FS3   -206.50650     29.36000     -0.10014      1.00000
FS3   -215.46150     28.83500     -0.18408      1.00000
FS3   -221.55150     26.64500     -0.29155      0.69923
FS3   -205.89150     22.43000     -0.01695      1.00000
FS3   -212.89650     21.36500     -0.09961      1.00000
FS3   -218.10150     19.61000     -0.09792      1.00000
FS3   -212.86650     19.50500     -0.09462      1.00000
FS3   -219.12150     17.42000     -0.12525      1.00000
FS3   -219.28650     15.27500     -0.11630      1.00000
FS3   -209.98650     13.77500     -0.09602      1.00000
FS3   -210.73650     12.81500     -0.17200      1.00000
FS3   -206.50650     12.53000     -0.10379      1.00000
FS3   -213.73650     10.44500     -0.03966      1.00000
FS3   -206.28150      9.62000     -0.08189      1.00000
FS3   -221.74650      5.45000     -0.24137      1.00000
FS3   -218.35650      4.67000     -0.08406      1.00000
FS3   -216.72150     28.20500     -0.13107      1.00000
FS3   -213.87150     26.48000     -0.10667      1.00000
FS3   -214.32150     25.17500     -0.13691      1.00000
FS3   -208.90650     21.02000     -0.17608      0.85471
FS3   -209.41650     19.58000     -0.19187      0.76387
FS3   -212.35650     19.05500     -0.20560      0.89847
FS3   -216.45150     19.13000     -0.15953      1.00000
FS3   -215.02650     30.42500     -0.13842      1.00000
FS3   -214.95150     18.51500     -0.12344      1.00000
FS3   -211.42650     15.66500     -0.23579      0.69651
FS3   -215.34150     15.45500     -0.20918      0.87113
FS3   -219.15150     15.20000     -0.15378      1.00000
FS3   -214.81650     14.31500     -0.18772      0.97843
FS3   -213.57150     30.17000     -0.13549      1.00000
FS3   -205.30650     14.15000     -0.11483      1.00000
FS3   -220.71150     29.21000     -0.25656      1.00000
FS3   -222.13650      8.78000     -0.27384      1.00000
FS3   -207.28650     29.10500     -0.13422      0.80121
FS3   -215.22150      4.62500     -0.13985      0.80248
FS3   -217.99650      3.62000     -0.10101      1.00000
FS3   -218.47650      2.57000     -0.17435      1.00000
FS3   -212.46150     25.77500     -0.13547      1.00000
FS3   -214.08150     24.63500     -0.12193      1.00000
FS3   -213.25650     23.93000     -0.04591      0.74361
FS3   -221.52150     23.78000     -0.23929      1.00000
FS3   -211.74150     22.82000     -0.08264      1.00000
FS3   -215.25150     21.18500     -0.10630      1.00000
FS3   -218.02650     20.16500     -0.11578      1.00000
FS3   -218.50650     19.13000     -0.05252      0.91287
FS3   -207.94650     16.38500     -0.06618      1.00000
FS3   -208.60650     13.92500     -0.04585      0.91689
FS3   -220.30650     13.35500     -0.08689      1.00000
FS3   -213.22650     11.46500     -0.04897      1.00000
FS3   -221.95650     11.34500     -0.16455      1.00000
FS3   -212.50650     11.27000     -0.13332      1.00000
FS3   -206.26650      9.95000     -0.08482      1.00000
FS3   -209.47650     29.67500     -0.04601      1.00000
FS3   -222.64650      8.15000     -0.24772      1.00000
FS3   -208.51650      7.56500     -0.15500      0.73408
FS3   -221.83650      7.17500     -0.29827      1.00000
FS3   -218.49150      6.57500     -0.04326      1.00000
FS3   -207.79650      5.49500     -0.11705      0.73520
FS3   -218.05650      4.14500     -0.08471      1.00000
FS3   -206.44650      4.16000     -0.12927      0.62368
FS4   -208.87650     -5.93000     -0.19081      1.00000
FS4   -212.49150     -6.57500     -0.12814      1.00000
FS4   -217.99650     -7.59500     -0.17201      1.00000
FS4   -206.14650    -11.30000     -0.09092      1.00000
FS4   -221.92650    -11.45000     -0.25286      1.00000
FS4   -218.28150    -12.35000     -0.17303      1.00000
FS4   -210.51150    -13.55000     -0.07783      1.00000
FS4   -215.67150    -17.81000      0.01190      1.00000
FS4   -205.68150    -17.94500     -0.07272      1.00000
FS4   -206.73150    -18.69500     -0.14662      1.00000
FS4   -220.90650    -18.96500     -0.23918      1.00000
FS4   -216.07650    -19.89500     -0.13746      1.00000
FS4   -214.95150    -22.14500     -0.20803      1.00000
FS4   -213.10650    -22.56500     -0.11126      1.00000
FS4   -221.38650    -24.05000     -0.27776      1.00000
FS4   -207.42150    -24.62000     -0.16712      1.00000
FS4   -215.94150    -25.73000     -0.16311      1.00000
FS4   -211.53150    -26.91500     -0.19072      1.00000
FS4   -209.49150    -27.71000     -0.09335      1.00000
FS4   -210.06150    -28.13000     -0.13875      1.00000
FS4   -222.46650    -28.44500     -0.33376      1.00000
FS4   -210.66150    -29.00000     -0.09647      1.00000
FS4   -207.85650    -29.63000     -0.10607      1.00000
FS4   -218.22150    -30.75500     -0.17893      1.00000
FS4   -218.94150     -6.35000     -0.12555      1.00000
FS4   -215.62650     -6.66500     -0.26536      0.91893
FS4   -209.05650     -7.32500     -0.05249      0.98562
FS4   -224.55150     -8.03000     -0.30073      1.00000
FS4   -210.22650     -8.33000     -0.03167      0.94161
FS4   -220.62150     -8.70500     -0.17525      1.00000
FS4   -214.27650     -8.79500     -0.08735      1.00000
FS4   -215.08650     -9.75500     -0.06579      1.00000
FS4   -221.35650     -9.72500     -0.17833      1.00000
FS4   -216.94650    -10.82000     -0.08519      1.00000
FS4   -217.26150     -2.55500     -0.14767      1.00000
FS4   -213.93150    -12.08000     -0.04838      1.00000
FS4   -212.34150    -13.46000     -0.02951      1.00000
FS4   -212.05650    -14.99000      0.02411      0.93536
FS4   -223.36650    -18.45500     -0.23867      1.00000
FS4   -216.18150    -18.77000     -0.10842      1.00000
FS4   -212.25150    -18.92000     -0.12091      1.00000
FS4   -224.02650    -18.96500     -0.27068      1.00000
FS4   -221.47650    -20.04500     -0.20437      1.00000
FS4   -207.13650    -20.28500     -0.03869      1.00000
FS4   -223.06650    -20.84000     -0.26233      1.00000
FS4   -223.59150    -23.79500     -0.23768      1.00000
FS4   -208.83150    -24.33500     -0.12030      1.00000
FS4   -207.88650    -24.84500     -0.05514      0.92804
FS4   -217.93650    -26.01500     -0.15745      1.00000
FS4   -206.10150    -29.69000     -0.02782      1.00000
FS4   -221.86650    -29.87000     -0.23629      1.00000
FS4   -216.45150    -29.84000     -0.09086      0.95397
FS4   -205.62150    -30.44000     -0.16348      1.00000
FS4   -222.94650     -4.74500     -0.27233      1.00000
FS4   -211.06650     -5.61500     -0.05932      1.00000
FS4   -222.06150     -4.85000     -0.17096      1.00000
FS4   -220.86150     -5.10500     -0.26642      1.00000
FS4   -224.26650     -5.18000     -0.23592      1.00000
FS4   -210.27150     -5.54000     -0.10740      1.00000
FS4   -223.53150     -5.75000     -0.18948      1.00000
FS4   -224.71650     -6.11000     -0.18940      1.00000
FS4   -206.34150     -6.23000     -0.03847      1.00000
FS4   -207.06150     -7.25000     -0.07328      1.00000
FS4   -222.73650     -8.04500     -0.23147      1.00000
FS4   -221.91150     -9.02000     -0.22949      1.00000
FS4   -218.58150     -9.62000     -0.10611      1.00000
FS4   -215.44650     -9.83000     -0.05857      1.00000
FS4   -218.14650    -12.06500     -0.08022      1.00000
FS4   -224.55150    -12.95000     -0.25250      1.00000
FS4   -223.75650    -13.28000     -0.24161      1.00000
FS4   -212.20650    -14.37500     -0.10684      1.00000
FS4   -213.69150    -14.90000     -0.06740      1.00000
FS4   -223.87650    -15.74000     -0.22621      1.00000
FS4   -207.19650    -17.57000     -0.04310      1.00000
FS4   -216.69150    -17.67500     -0.12318      1.00000
FS4   -222.70650    -17.67500     -0.22991      1.00000
FS4   -223.08150    -18.87500     -0.23055      1.00000
FS4   -220.41150     -2.85500     -0.10445      1.00000
FS4   -218.29650    -20.51000     -0.10597      1.00000
FS4   -221.83650    -20.79500     -0.19856      1.00000
FS4   -209.34150    -21.30500     -0.12038      1.00000
FS4   -214.84650    -22.05500     -0.08162      0.82276
FS4   -224.68650    -22.37000     -0.21942      1.00000
FS4   -219.12150    -22.94000     -0.11848      1.00000
FS4   -216.85650    -23.36000     -0.07560      0.98451
FS4   -214.98150    -25.62500     -0.11531      1.00000
FS4   -207.58650    -27.39500     -0.04208      1.00000
FS4   -213.60150    -27.48500     -0.14888      1.00000
FS4   -215.28150    -28.38500     -0.19940      1.00000
FS4   -216.91650    -28.71500     -0.14549      1.00000
FS4   -219.25650    -28.70000     -0.14569      1.00000
FS4   -210.37650    -29.28500      0.02610      0.71062
FS4   -222.60150    -29.40500     -0.26887      1.00000
FS4   -215.28150     -3.45500     -0.05219      0.79361
FS4   -217.74150    -30.05000     -0.21091      1.00000
FS4   -216.67650     -3.59000     -0.11717      1.00000
FS4   -221.79150    -30.38000     -0.24248      1.00000
FS4   -214.77150    -30.74000     -0.09575      0.97689
FS4   -215.04150     -9.06500     -0.12957      1.00000
FS4   -215.34150    -11.81000     -0.14821      0.68098
FS4   -219.31650    -12.12500     -0.13428      1.00000
FS4   -216.96150    -12.15500     -0.11734      1.00000
FS4   -210.43650    -12.72500     -0.12465      0.87097
FS4   -222.66150    -12.83000     -0.24445      1.00000
FS4   -211.29150    -16.35500     -0.12423      0.84642
FS4   -218.34150     -3.93500     -0.15345      1.00000
FS4   -212.52150    -16.74500     -0.06503      1.00000
FS4   -221.88150     -4.22000     -0.22114      1.00000
FS4   -224.38650    -19.13000     -0.30712      1.00000
FS4   -217.86150    -20.46500     -0.11426      1.00000
FS4   -214.65150    -23.03000     -0.11304      1.00000
FS4   -216.60150    -24.93500     -0.08772      1.00000
FS4   -220.96650    -25.52000     -0.23002      1.00000
FS4   -222.10650    -26.07500     -0.28867      1.00000
FS4   -223.95150    -27.12500     -0.22381      1.00000
FS4   -208.17150    -27.81500     -0.02953      1.00000
FS4   -209.02650    -29.28500     -0.02975      1.00000
FS4   -217.06650    -29.75000     -0.18335      1.00000
FS4   -214.89150     -5.48000     -0.14153      1.00000
FS4   -219.16650     -6.38000     -0.14523      1.00000
