FN4    217.20150    -30.90500      0.22249      0.77618
FN4    209.23650     -5.22500      0.09808      1.00000
FN4    205.60650     -5.33000      0.12217      1.00000
FN4    215.37150     -6.18500      0.65761      0.30810
FN4    209.58150     -6.50000      0.21434      1.00000
FN4    206.01150     -6.50000      0.16903      1.00000
FN4    211.44150     -6.86000      0.22355      1.00000
FN4    216.25650     -6.95000      0.49532      0.40258
FN4    208.72650     -6.20000      0.11633      1.00000
FN4    209.86650     -7.71500      0.20349      1.00000
FN4    205.59150     -8.66000      0.06679      1.00000
FN4    215.29650     -8.75000      0.29944      0.68515
FN4    216.76650     -9.54500      0.21382      0.89866
FN4    208.36650    -10.80500      0.33118      0.74819
FN4    211.24650    -10.89500      0.29860      0.78374
FN4    209.89650    -11.28500      0.30782      0.78609
FN4    214.95150     -2.85500      0.31949      0.65184
FN4    215.44650    -11.99000      0.27437      0.74066
FN4    208.11150    -11.84000      0.04215      1.00000
FN4    212.37150    -12.24500      0.23907      0.97207
FN4    219.48150     -2.91500      0.63173      0.29860
FN4    207.96150    -13.43000      0.16100      1.00000
FN4    207.15150    -14.13500     -0.01247      1.00000
FN4    208.74150    -14.10500      0.10019      1.00000
FN4    215.11650    -14.52500      0.26369      0.77655
FN4    207.82650    -16.26500      0.11221      1.00000
FN4    211.87650    -16.79000      0.32944      0.67890
FN4    214.30650    -16.85000      0.39336      0.52561
FN4    208.00650    -17.34500     -0.09372      1.00000
FN4    212.76150    -17.70500      0.20728      1.00000
FN4    206.74650    -17.85500      0.16431      1.00000
FN4    211.84650    -17.88500      0.22097      1.00000
FN4    210.15150    -17.93000      0.30553      0.77522
FN4    208.86150    -18.17000      0.19359      1.00000
FN4    210.91650     -3.51500      0.18650      1.00000
FN4    215.88150    -18.63500      0.27293      0.71927
FN4    217.00650    -19.04000      0.30044      0.62815
FN4    212.31150    -19.38500     -0.37552      0.49623
FN4    210.03150    -19.49000      0.14769      1.00000
FN4    216.93150    -19.82000      0.31368      0.60331
FN4    211.47150    -19.97000      0.10764      1.00000
FN4    218.89650    -20.18000      0.23642      0.71840
FN4    210.36150    -20.37500      0.33041      0.69850
FN4    208.18650    -21.69500      0.20497      1.00000
FN4    212.40150    -22.31000      0.22415      1.00000
FN4    206.76150    -22.55000      0.26438      1.00000
FN4    206.08650    -22.80500      0.02903      1.00000
FN4    207.60150    -22.94000      0.21810      1.00000
FN4    216.15150    -23.36000      0.09156      1.00000
FN4    216.79650    -22.85000      0.11317      1.00000
FN4    216.01650    -24.24500      0.22138      0.85502
FN4    209.44650    -25.32500      0.22706      1.00000
FN4    213.09150    -25.67000      0.22036      0.97649
FN4    211.65150    -25.65500      0.22217      1.00000
FN4    214.66650    -26.45000      0.38691      0.51631
FN4    211.24650    -26.93000      0.18804      1.00000
FN4    213.84150    -27.06500      0.23119      0.89100
FN4    212.22150    -27.29000      0.31131      0.69068
FN4    211.26150    -28.14500      0.11437      1.00000
FN4    208.39650    -28.50500      0.19339      1.00000
FN4    205.96650    -28.61000      0.15747      1.00000
FN4    207.37650    -28.70000      0.15273      1.00000
FN4    218.35650    -28.40000      0.09556      1.00000
FN4    210.58650    -28.65500      0.23458      0.99522
FN4    206.14650     -4.16000      0.16779      1.00000
FN4    217.62150    -29.13500      0.19927      0.84426
FN4    216.15150    -29.21000     -0.42296      0.49871
FN4    211.26150    -29.30000      0.15852      1.00000
FN4    208.81650    -29.81000      0.20205      1.00000
FN4    211.60650    -30.11000      0.09289      1.00000
FN4    209.58150    -30.45500      0.32660      0.69612
FN4    215.92650     -4.43000      0.20766      0.97295
FN4    207.72150     -4.67000      0.34385      0.72930
FN4    211.14150     -4.85000      0.15361      1.00000
FN4    215.52150    -30.03500      0.07406      1.00000
FN4    212.47650     -4.77500      0.25632      0.80253
FN4    207.37650     -5.28500      0.12881      1.00000
FN4    213.58650     -6.59000      0.24682      0.79936
FN4    216.16650     -6.59000      0.14638      1.00000
FN4    205.98150     -6.78500     -0.20164      0.63644
FN4    208.00650     -6.86000      0.41682      0.50809
FN4    212.41650     -7.26500      0.22380      0.93986
FN4    210.58650     -7.59500     -0.10617      1.00000
FN4    214.96650     -7.65500      0.21422      0.87362
FN4    218.41650     -8.63000      0.22243      0.70996
FN4    216.45150     -9.05000      0.22806      0.76129
FN4    205.89150     -9.57500      0.17389      1.00000
FN4    213.94650     -9.59000     -0.36525      0.46172
FN4    212.10150     -9.95000      0.13847      1.00000
FN4    209.49150    -10.14500     -0.56421      0.28664
FN4    217.92150    -10.23500      0.15663      0.99065
FN4    207.97650    -10.28000      0.04326      1.00000
FN4    212.08650    -10.97000      0.14946      1.00000
FN4    205.87650    -12.02000      0.06008      1.00000
FN4    207.67650    -12.20000      0.12273      1.00000
FN4    209.79150    -12.38000      0.11114      1.00000
FN4    215.83650    -12.51500      0.19528      0.90748
FN4    215.13150    -12.87500      0.21025      0.87266
FN4    219.13650    -12.98000      0.16813      0.85695
FN4    208.02150    -13.52000     -0.08723      1.00000
FN4    209.38650    -13.92500      0.20973      1.00000
FN4    218.23650    -14.15000      0.44158      0.37782
FN4    214.81650    -14.27000      0.08312      1.00000
FN4    205.84650    -14.40500      0.03563      1.00000
FN4    210.91650    -15.93500      0.14919      1.00000
FN4    217.36650     -2.52500      0.24908      0.67608
FN4    211.02150     -3.17000      0.22497      0.99854
FN4    213.33150    -16.85000      0.23603      0.82814
FN4    206.25150     -3.39500      0.15028      1.00000
FN4    212.73150    -17.70500      0.28136      0.69661
FN4    207.67650    -18.77000      0.01273      1.00000
FN4    215.28150    -19.17500     -0.16706      1.00000
FN4    206.16150    -19.23500      0.40469      0.53265
FN4    217.08150    -20.24000      0.13269      1.00000
FN4    208.32150    -20.51000      0.40810      0.50725
FN4    215.01150    -20.90000      0.19146      0.93516
FN4    219.54150    -20.96000      0.54713      0.29694
FN4    210.97650    -21.57500      0.13729      1.00000
FN4    206.20650    -22.22000      0.08903      1.00000
FN4    215.98650    -22.49000      0.07348      1.00000
FN4    207.78150    -22.73000      0.21450      1.00000
FN4    211.20150    -22.91000      0.04172      1.00000
FN4    209.29650    -23.28500      0.01843      1.00000
FN4    215.43150    -24.24500      0.36875      0.47363
FN4    208.78650    -24.24500      0.07630      1.00000
FN4    209.64150    -24.56000      0.15003      1.00000
FN4    211.50150    -24.92000      0.14930      1.00000
FN4    216.31650    -24.99500      0.18537      0.87741
FN4    209.94150    -25.77500      0.14562      1.00000
FN4    205.66650    -26.72000     -0.12037      0.94962
FN4    215.37150    -26.79500      0.09573      1.00000
FN4    211.23150    -27.18500      0.30467      0.64669
FN4    216.82650    -27.60500      0.02715      1.00000
FN4    213.43650    -28.02500      0.13767      1.00000
FN4    218.61150    -28.83500      0.24876      0.59510
FN4    208.44150    -28.86500      0.18027      1.00000
FN4    211.32150    -28.95500      0.22907      0.87921
FN4    209.95650    -29.34500      0.25443      0.81867
FN4    208.17150    -29.90000     -0.06662      1.00000
FN4    212.43150    -30.30500      0.07324      1.00000
FN4    218.46150     -4.35500      0.46518      0.36118
FN4    215.43150     -4.55000      0.27650      0.65935
FN3    217.81650     28.79000     -0.20034      1.00000
FN3    216.93150     28.40000     -0.15991      1.00000
FN3    206.07150     28.59500     -0.16738      0.87652
FN3    212.34150     28.43000     -0.14524      1.00000
FN3    217.56150     27.86000     -0.12452      1.00000
FN3    214.51650     27.78500     -0.19031      0.94354
FN3    205.80150     26.58500     -0.15320      0.92559
FN3    218.82150     26.10500     -0.06100      1.00000
FN3    217.59150     25.31000     -0.09194      1.00000
FN3    206.07150     24.84500     -0.23154      0.67886
FN3    207.21150     24.78500     -0.18966      0.80146
FN3    208.36650     22.89500     -0.26186      0.62741
FN3    210.24150     22.05500     -0.15680      0.96732
FN3    213.04650     22.05500     -0.29644      0.60326
FN3    209.59650     21.20000     -0.14268      1.00000
FN3    207.54150     20.97500     -0.13626      1.00000
FN3    214.12650     20.79500     -0.15082      1.00000
FN3    205.96650     19.64000     -0.16740      0.85594
FN3    214.29150     19.28000     -0.31112      0.58757
FN3    207.40650     19.05500     -0.19789      0.76837
FN3    212.62650     18.96500     -0.12100      1.00000
FN3    209.16150     18.48500     -0.03089      1.00000
FN3    218.10150     18.33500     -0.07913      1.00000
FN3    216.21150     18.17000     -0.09460      1.00000
FN3    206.92650     17.99000     -0.20741      0.73599
FN3    212.16150     16.83500     -0.15206      1.00000
FN3    205.72650     18.21500     -0.18536      0.79109
FN3    217.45650     15.24500     -0.10919      1.00000
FN3    219.04650     15.18500      0.03023      1.00000
FN3    208.72650     15.12500     -0.05389      1.00000
FN3    206.31150     14.36000     -0.23538      0.66056
FN3    211.05150     14.60000     -0.14252      1.00000
FN3    212.56650     12.98000     -0.18212      0.88891
FN3    207.45150     12.47000     -0.17041      0.84986
FN3    213.66150     11.16500     -0.18456      0.90145
FN3    216.25650     11.15000      0.00662      1.00000
FN3    206.04150     10.97000      0.16782      1.00000
FN3    219.21150     29.61500      0.01960      1.00000
FN3    208.06650     10.88000     -0.21877      0.70902
FN3    212.50650     10.49000     -0.21801      0.76335
FN3    210.64650     10.16000     -0.08849      1.00000
FN3    218.50650      9.12500     -0.09338      1.00000
FN3    216.54150      8.69000     -0.11866      1.00000
FN3    212.16150      7.80500     -0.18215      0.87422
FN3    217.98150      7.50500     -0.11369      1.00000
FN3    208.03650      7.47500     -0.17393      0.83954
FN3    212.16150      6.78500     -0.15368      0.99712
FN3    212.85150      5.52500     -0.13344      1.00000
FN3    205.93650      5.73500     -0.17000      0.83153
FN3    207.75150      5.54000     -0.11995      1.00000
FN3    209.86650      5.36000     -0.12532      1.00000
FN3    215.20650      4.88000     -0.11537      1.00000
FN3    219.21150      4.76000     -0.11260      1.00000
FN3    208.09650      4.23500     -0.16474      0.87209
FN3    209.46150      3.83000     -0.18096      0.83130
FN3    218.31150      3.59000     -0.40342      0.48823
FN3    216.70650      3.71000     -0.09640      1.00000
FN3    214.89150      3.48500     -0.01224      1.00000
FN3    205.90650      3.33500     -0.13725      0.96080
FN3    218.28150      2.61500     -0.14842      1.00000
FN3    210.99150      1.82000     -0.14155      1.00000
FN3    208.18650     27.89000     -0.08221      1.00000
FN3    206.86650     27.42500     -0.23577      0.60163
FN3    209.92650     27.33500     -0.25307      0.59021
FN3    215.97150     27.02000     -0.07761      1.00000
FN3    218.13150     25.14500     -0.05020      1.00000
FN3    207.03150     25.01000     -0.09638      1.00000
FN3    210.67650     24.80000     -0.14183      0.94383
FN3    213.04650     24.17000     -0.10729      1.00000
FN3    209.85150     23.09000     -0.07952      1.00000
FN3    207.79650     22.08500      0.06463      1.00000
FN3    210.57150     21.17000     -0.17329      0.79840
FN3    210.27150     22.05500      0.15234      1.00000
FN3    217.90650     20.91500      0.09408      1.00000
FN3    216.10650     20.12000     -0.07080      1.00000
FN3    210.42150     20.09000     -0.12499      1.00000
FN3    207.10650     19.62500     -0.07796      1.00000
FN3    207.88650     19.19000     -0.15073      0.83850
FN3    215.07150     19.02500     -0.06046      1.00000
FN3    212.52150     18.56000     -0.16197      0.87616
FN3    213.75150     18.50000     -0.11705      1.00000
FN3    208.86150     18.44000     -0.16443      0.79879
FN3    210.58650     18.08000     -0.10947      1.00000
FN3    207.73650     17.55500     -0.09901      1.00000
FN3    215.71650     17.03000     -0.08749      1.00000
FN3    216.90150     16.59500     -0.09171      1.00000
FN3    206.28150     16.16000     -0.10558      1.00000
FN3    211.36650     15.86000     -0.23595      0.62535
FN3    209.62650     15.72500     -0.15091      0.85782
FN3    216.94650     15.42500     -0.05768      1.00000
FN3    211.63650     30.08000     -0.06516      1.00000
FN3    214.11150     14.85500     -0.07538      1.00000
FN3    210.16650     13.88000     -0.15612      0.84296
FN3    218.88150     13.43000     -0.03918      1.00000
FN3    209.89650     29.69000     -0.00538      1.00000
FN3    219.24150     11.54000     -0.02242      1.00000
FN3    219.07650     29.12000     -0.00453      1.00000
FN3    217.84650     10.71500     -0.17557      0.96326
FN3    206.10150     10.52000     -0.09156      1.00000
FN3    212.37150     10.35500     -0.12461      1.00000
FN3    216.94650     10.32500     -0.11494      1.00000
FN3    209.10150      9.96500     -0.15144      0.83920
FN3    217.59150      9.78500     -0.09525      1.00000
FN3    214.54650      9.72500     -0.14392      1.00000
FN3    205.81650      8.49500     -0.11418      0.96087
FN3    218.85150      8.04500     -0.02059      1.00000
FN3    210.54150      7.53500      0.07824      1.00000
FN3    217.62150      7.23500     -0.05136      1.00000
FN3    206.10150      6.77000     -0.16045      0.76991
FN3    207.24150      6.71000     -0.11787      0.95950
FN3    208.41150      4.82000     -0.30763      0.47855
FN3    210.27150      3.98000     -0.12244      0.99215
FN3    209.62650      3.12500     -0.13267      0.92503
FN3    207.57150      2.90000     -0.10442      1.00000
FN3    214.15650      2.73500     -0.10038      1.00000
FN3    213.07650      3.99500     -0.23666      0.63625
FN2    185.03550    123.66500      0.08218      1.00000
FN2    173.83050    122.75000      0.10707      1.00000
FN2    185.45550    122.55500      0.06024      1.00000
FN2    178.73550    121.40000      0.10850      1.00000
FN2    182.12550    121.22000      0.09181      1.00000
FN2    184.75050    121.19000      0.11876      1.00000
FN2    173.65050    120.77000      0.32787      0.63904
FN2    185.36550    119.36000     -0.01024      1.00000
FN2    182.69550    119.04500     -0.07888      1.00000
FN2    176.03550    118.85000      0.21531      0.99284
FN2    182.33550    118.17500      0.11900      1.00000
FN2    183.58050    117.48500      0.05230      1.00000
FN2    181.48050    117.27500      0.06306      1.00000
FN2    172.45050    115.55000      0.24788      0.90319
FN2    175.43550    115.37000      0.01299      1.00000
FN2    185.18550    125.84000     -0.01107      1.00000
FN2    176.03550    114.24500      0.02315      1.00000
FN2    183.14550    113.67500      0.13810      1.00000
FN2    175.70550    113.52500      0.02880      1.00000
FN2    176.92050    111.81500      0.02058      1.00000
FN2    182.51550    111.57500     -0.16477      1.00000
FN2    183.58050    111.21500      0.10386      1.00000
FN2    179.54550    111.14000      0.05444      1.00000
FN2    178.54050    110.88500      0.04351      1.00000
FN2    179.39550    110.31500      0.02352      1.00000
FN2    180.25050    109.37000      0.19245      1.00000
FN2    180.41550    125.39000      0.12639      1.00000
FN2    173.68050    109.26500      0.21570      1.00000
FN2    183.56550    125.06000      0.14598      1.00000
FN2    172.13550    108.66500      0.05496      1.00000
FN2    178.90050    108.56000     -0.08056      1.00000
FN2    182.51550    125.10500     -0.06830      1.00000
FN2    172.30050    107.85500     -0.06486      1.00000
FN2    176.06550    107.85500     -0.00491      1.00000
FN2    173.29050    107.55500     -0.02716      1.00000
FN2    173.78550    106.31000     -0.12112      1.00000
FN2    181.40550    105.87500      0.08759      1.00000
FN2    182.53050    105.72500      0.17672      1.00000
FN2    177.59550    105.24500      0.05533      1.00000
FN2    175.97550    104.81000      0.02485      1.00000
FN2    173.42550    104.57000     -0.03452      1.00000
FN2    181.22550    104.03000     -0.03624      1.00000
FN2    173.17050    103.79000      0.05411      1.00000
FN2    176.21550    103.35500      0.04292      1.00000
FN2    177.31050    103.11500      0.34678      0.66045
FN2    182.77050    103.05500      0.23598      0.96844
FN2    175.48050    124.35500      0.02857      1.00000
FN2    176.77050    102.15500      0.04669      1.00000
FN2    182.42550    102.14000      0.16899      1.00000
FN2    185.00550    124.37000     -0.02331      1.00000
FN2    178.66050    101.25500     -0.13986      1.00000
FN2    176.59050    124.31000      0.01075      1.00000
FN2    174.08550    101.06000      0.01828      1.00000
FN2    180.23550    100.88000     -0.01484      1.00000
FN2    179.24550    100.52000      0.01440      1.00000
FN2    175.46550    100.32500      0.00987      1.00000
FN2    174.49050     99.89000      0.27757      0.89707
FN2    183.59550     99.83000     -0.04671      1.00000
FN2    181.13550     99.36500      0.05505      1.00000
FN2    180.23550     99.24500      0.01725      1.00000
FN2    182.23050     98.84000      0.12406      1.00000
FN2    179.33550     98.87000      0.02358      1.00000
FN2    174.37050     98.49500      0.01563      1.00000
FN2    185.12550     98.40500     -0.02694      1.00000
FN2    180.73050     98.27000     -0.29076      0.59542
FN2    177.43050     97.92500     -0.02503      1.00000
FN2    174.01050    124.47500      0.04289      1.00000
FN2    183.50550    123.38000      0.14940      1.00000
FN2    176.59050    122.99000      0.09209      1.00000
FN2    182.26050    122.78000     -0.03130      1.00000
FN2    177.55050    123.27500      0.00671      1.00000
FN2    180.37050    120.09500      0.00750      1.00000
FN2    181.07550    119.91500     -0.02463      1.00000
FN2    185.92050    120.11000      0.07334      1.00000
FN2    178.63050    119.75000     -0.14259      1.00000
FN2    172.84050    119.39000      0.01506      1.00000
FN2    183.07050    119.12000      0.07474      1.00000
FN2    173.21550    118.65500      0.25894      0.74109
FN2    181.51050    118.35500     -0.05585      1.00000
FN2    172.36050    118.10000      0.03560      1.00000
FN2    173.89050    117.75500      0.09185      1.00000
FN2    180.53550    116.94500      0.02410      1.00000
FN2    178.15050    116.82500     -0.13667      1.00000
FN2    184.73550    116.57000      0.06088      1.00000
FN2    178.88550    116.55500      0.10790      1.00000
FN2    179.86050    115.98500      0.05491      1.00000
FN2    183.56550    115.94000     -0.14934      1.00000
FN2    175.48050    115.77500      0.01808      1.00000
FN2    176.51550    114.92000      0.00337      1.00000
FN2    173.05050    114.06500     -0.05409      1.00000
FN2    179.33550    114.00500      0.47115      0.38993
FN2    172.03050    112.49000     -0.17689      0.85045
FN2    176.24550    126.14000     -0.21026      0.85439
FN2    172.45050    111.29000      0.07622      1.00000
FN2    174.14550    111.65000     -0.00006      1.00000
FN2    175.66050    125.97500     -0.15887      1.00000
FN2    173.39550    109.41500      0.04466      1.00000
FN2    174.14550    109.25000     -0.04651      1.00000
FN2    181.55550    108.72500      0.00222      1.00000
FN2    173.51550    125.49500     -0.13503      1.00000
FN2    183.50550    106.95500      0.12662      1.00000
FN2    182.45550    107.01500     -0.03947      1.00000
FN2    175.42050    106.25000      0.01840      1.00000
FN2    184.96050    106.28000     -0.00649      1.00000
FN2    176.51550    106.20500      0.00596      1.00000
FN2    173.08050    105.62000     -0.48220      0.33769
FN2    184.99050    105.57500      0.07362      1.00000
FN2    181.85550    125.18000     -0.20280      0.96879
FN2    182.80050    106.17500     -0.18756      0.85007
FN2    173.77050    104.64500      0.11453      1.00000
FN2    185.41050    104.48000      0.10271      1.00000
FN2    178.79550    125.01500     -0.00360      1.00000
FN2    178.67550    103.31000      0.11180      1.00000
FN2    182.06550    103.11500      0.02813      1.00000
FN2    184.69050    103.10000      0.15909      1.00000
FN2    173.57550    102.66500      0.16972      1.00000
FN2    185.32050    101.27000      0.09746      1.00000
FN2    182.65050    100.95500     -0.04368      1.00000
FN2    175.97550    100.74500      0.13770      1.00000
FN2    182.29050    100.08500      0.11836      1.00000
FN2    183.53550     99.38000      0.05817      1.00000
FN2    181.42050     99.18500      0.01122      1.00000
FN1    148.33950    154.92000     -0.30805      0.65308
FN1    142.74450    154.26000     -0.19716      1.00000
FN1    141.70950    153.82500     -0.06697      1.00000
FN1    149.46450    153.36000     -0.05998      1.00000
FN1    146.65950    152.16000     -0.09083      1.00000
FN1    150.30450    151.86000     -0.03706      1.00000
FN1    147.90450    151.90500     -0.06093      1.00000
FN1    141.34950    151.62000     -0.06589      1.00000
FN1    147.75450    150.43500     -0.05368      1.00000
FN1    150.94950    148.35000     -0.08710      1.00000
FN1    138.28950    147.87000     -0.09424      1.00000
FN1    144.21450    147.03000     -0.07297      1.00000
FN1    149.92950    147.09000     -0.33559      0.59481
FN1    140.07450    146.59500      0.01291      1.00000
FN1    147.40950    146.32500     -0.08702      1.00000
FN1    139.72950    145.78500     -0.07850      1.00000
FN1    141.34950    144.00000     -0.06562      1.00000
FN1    139.78950    142.80000     -0.05415      1.00000
FN1    139.17450    143.49000     -0.06758      1.00000
FN1    145.44450    142.41000     -0.01097      1.00000
FN1    143.34450    141.64500     -0.04073      1.00000
FN1    138.78450    141.30000     -0.12052      1.00000
FN1    147.55950    141.01500     -0.03108      1.00000
FN1    142.44450    140.62500     -0.06156      1.00000
FN1    142.11450    143.35500      0.10728      1.00000
FN1    147.43950    139.72500     -0.03821      1.00000
FN1    147.09450    138.45000     -0.06840      1.00000
FN1    138.07950    157.81500     -0.08074      1.00000
FN1    149.53950    138.49500     -0.04103      1.00000
FN1    144.93450    137.85000     -0.05434      1.00000
FN1    150.90450    157.29000     -0.22403      0.89711
FN1    150.60450    137.35500     -0.03476      1.00000
FN1    138.48450    137.29500     -0.08281      1.00000
FN1    148.30950    137.11500     -0.21170      0.91796
FN1    143.46450    135.99000     -0.08630      1.00000
FN1    144.51450    135.33000     -0.14641      1.00000
FN1    147.67950    134.79000     -0.06365      1.00000
FN1    143.25450    134.26500     -0.06020      1.00000
FN1    151.56450    134.23500      0.00105      1.00000
FN1    143.88450    133.12500     -0.22051      0.87857
FN1    140.52450    132.42000     -0.03686      1.00000
FN1    138.75450    131.91000     -0.30522      0.64644
FN1    145.93950    131.25000     -0.00786      1.00000
FN1    150.84450    130.18500     -0.01453      1.00000
FN1    138.42450    155.97000      0.06304      1.00000
FN1    149.68950    155.77500      0.00447      1.00000
FN1    142.92450    155.20500      0.08681      1.00000
FN1    141.31950    155.08500      0.01710      1.00000
FN1    150.84450    154.96500     -0.15460      1.00000
FN1    149.95950    153.58500      0.03539      1.00000
FN1    143.52450    152.07000     -0.08302      1.00000
FN1    150.24450    151.98000      0.01363      1.00000
FN1    148.23450    151.81500      0.03841      1.00000
FN1    141.73950    151.59000      0.05705      1.00000
FN1    139.42950    151.41000      0.06473      1.00000
FN1    138.88950    149.88000     -0.03556      1.00000
FN1    144.01950    149.46000      0.04666      1.00000
FN1    148.02450    149.31000      0.06820      1.00000
FN1    144.85950    148.05000      0.11001      1.00000
FN1    151.17450    147.78000      0.24430      0.73212
FN1    150.76950    157.72500     -0.38895      0.45793
FN1    146.01450    146.17500      0.00654      1.00000
FN1    149.17950    145.24500      0.00943      1.00000
FN1    142.39950    144.78000     -0.64364      0.27678
FN1    139.60950    144.55500      0.00276      1.00000
FN1    143.76450    142.44000     -0.02210      1.00000
FN1    145.08450    141.93000     -0.00105      1.00000
FN1    151.20450    142.06500     -0.16451      1.00000
FN1    142.90950    141.63000      0.02555      1.00000
FN1    151.59450    141.18000      0.00479      1.00000
FN1    145.86450    140.92500      0.12282      1.00000
FN1    137.97450    139.65000      0.08993      1.00000
FN1    150.79950    139.14000     -0.01949      1.00000
FN1    143.34450    136.83000      0.08698      1.00000
FN1    148.23450    136.75500     -0.20633      0.83395
FN1    142.63950    136.08000     -0.12431      1.00000
FN1    141.60450    135.66000      0.05315      1.00000
FN1    141.39450    156.42000      0.10999      1.00000
FN1    149.34450    135.19500      0.03652      1.00000
FN1    146.55450    133.99500      0.03903      1.00000
FN1    150.19950    133.69500      0.01716      1.00000
FN1    147.79950    133.75500      0.07940      1.00000
FN1    141.24450    133.45500      0.08554      1.00000
FN1    147.64950    132.27000      0.04124      1.00000
FN1    149.11950    131.88000      0.02808      1.00000
FS1   -140.32950    158.16000      0.06594      1.00000
FS1   -142.90950    156.00000      0.05003      1.00000
FS1   -146.46450    155.02500      0.08031      1.00000
FS1   -145.62450    155.08500      0.73667      0.27123
FS1   -138.85950    154.87500      0.10687      1.00000
FS1   -139.56450    154.53000      0.15431      1.00000
FS1   -138.03450    154.21500      0.03257      1.00000
FS1   -147.27450    153.72000      0.10709      1.00000
FS1   -144.91950    153.52500      0.05528      1.00000
FS1   -141.45450    154.11000      0.18120      1.00000
FS1   -151.72950    153.40500      0.05192      1.00000
FS1   -137.71950    152.98500      0.10418      1.00000
FS1   -140.11950    152.67000      0.02091      1.00000
FS1   -151.95450    152.59500     -0.30534      0.65621
FS1   -151.14450    152.28000      0.00354      1.00000
FS1   -149.19450    151.72500      0.02891      1.00000
FS1   -138.31950    151.75500      0.07600      1.00000
FS1   -144.66450    150.36000      0.13808      1.00000
FS1   -142.36950    149.35500      0.12865      1.00000
FS1   -151.30950    149.26500      0.24477      0.82199
FS1   -145.80450    148.92000      0.04283      1.00000
FS1   -144.72450    148.66500      0.18778      1.00000
FS1   -150.03450    148.39500      0.12898      1.00000
FS1   -138.75450    148.06500      0.12514      1.00000
FS1   -148.90950    147.90000      0.21910      0.91822
FS1   -141.28950    147.69000      0.05851      1.00000
FS1   -143.46450    146.65500     -0.11296      1.00000
FS1   -145.21950    147.04500      0.19890      1.00000
FS1   -144.34950    146.49000      0.09479      1.00000
FS1   -142.15950    145.42500      0.11738      1.00000
FS1   -149.02950    145.42500      0.09529      1.00000
FS1   -145.57950    157.95000      0.05243      1.00000
FS1   -139.06950    144.79500      0.09438      1.00000
FS1   -147.40950    144.49500      0.00388      1.00000
FS1   -141.12450    144.03000      0.00597      1.00000
FS1   -143.29950    142.53000      0.01146      1.00000
FS1   -149.94450    142.36500      0.15353      1.00000
FS1   -139.50450    141.66000      0.04969      1.00000
FS1   -149.50950    141.37500      0.15159      1.00000
FS1   -147.49950    141.22500      0.10493      1.00000
FS1   -151.14450    156.97500      0.05411      1.00000
FS1   -143.98950    141.10500      0.10732      1.00000
FS1   -138.52950    141.45000      0.05958      1.00000
FS1   -146.04450    140.85000      0.10281      1.00000
FS1   -145.11450    156.49500     -0.01607      1.00000
FS1   -146.77950    156.43500      0.07231      1.00000
FS1   -150.82950    140.02500      0.01672      1.00000
FS1   -138.96450    139.75500      0.06016      1.00000
FS1   -149.01450    139.65000      0.03027      1.00000
FS1   -141.36450    139.53000     -0.14905      1.00000
FS1   -149.46450    138.45000      0.03475      1.00000
FS1   -150.76950    137.35500      0.00551      1.00000
FS1   -143.55450    137.32500      0.12173      1.00000
FS1   -142.11450    136.93500      0.06190      1.00000
FS1   -144.24450    136.84500     -0.28238      0.69784
FS1   -151.20450    136.54500      0.16566      1.00000
FS1   -144.99450    136.24500      0.06832      1.00000
FS1   -146.44950    136.24500      0.09989      1.00000
FS1   -149.70450    135.75000      0.19861      1.00000
FS1   -146.53950    135.45000      0.10246      1.00000
FS1   -147.64950    135.27000      0.16073      1.00000
FS1   -149.38950    134.98500      0.07036      1.00000
FS1   -151.39950    134.77500     -0.06733      1.00000
FS1   -142.53450    134.71500      0.20111      1.00000
FS1   -139.48950    134.47500      0.12055      1.00000
FS1   -145.18950    133.98000      0.04666      1.00000
FS1   -146.19450    134.20500      0.12538      1.00000
FS1   -150.66450    134.13000      0.29560      0.70154
FS1   -137.92950    133.95000      0.12909      1.00000
FS1   -146.97450    133.51500      0.12340      1.00000
FS1   -139.53450    132.78000      0.04074      1.00000
FS1   -145.06950    132.75000      0.10400      1.00000
FS1   -147.07950    132.46500      0.35967      0.57322
FS1   -147.82950    132.16500      0.12452      1.00000
FS1   -148.51950    131.91000      0.09283      1.00000
FS1   -141.36450    131.95500      0.11370      1.00000
FS1   -138.84450    131.44500      0.04871      1.00000
FS1   -146.97450    131.29500      0.18796      1.00000
FS1   -143.08950    130.80000      0.08802      1.00000
FS1   -137.77950    158.19000      0.06662      1.00000
FS1   -140.28450    130.20000      0.05006      1.00000
FS1   -139.45950    156.09000     -0.04650      1.00000
FS1   -144.43950    156.01500      0.10564      1.00000
FS1   -143.17950    155.83500      0.17398      0.99926
FS1   -137.68950    155.61000      0.06742      1.00000
FS1   -150.16950    155.40000      0.13373      1.00000
FS1   -141.87450    155.02500     -0.14277      1.00000
FS1   -139.84950    155.05500      0.05558      1.00000
FS1   -143.25450    155.02500      0.06832      1.00000
FS1   -149.68950    154.56000      0.21820      0.81252
FS1   -145.21950    153.88500      0.06614      1.00000
FS1   -146.37450    153.61500      0.14477      1.00000
FS1   -138.72450    152.80500      0.05629      1.00000
FS1   -150.49950    153.01500     -0.02766      1.00000
FS1   -140.08950    152.59500      0.05751      1.00000
FS1   -149.10450    152.76000     -0.06756      1.00000
FS1   -142.93950    152.64000      0.08200      1.00000
FS1   -146.04450    151.93500     -0.02027      1.00000
FS1   -142.12950    151.59000      0.05378      1.00000
FS1   -149.08950    151.11000      0.06514      1.00000
FS1   -147.31950    150.64500      0.09978      1.00000
FS1   -139.75950    150.40500      0.04559      1.00000
FS1   -141.16950    150.88500      0.10901      1.00000
FS1   -148.08450    149.80500      0.05538      1.00000
FS1   -144.67950    149.86500      0.02630      1.00000
FS1   -148.84950    149.53500      0.07751      1.00000
FS1   -141.07950    149.55000      0.40397      0.43577
FS1   -150.13950    149.26500      0.09277      1.00000
FS1   -148.53450    148.32000      0.05331      1.00000
FS1   -142.15950    147.58500      0.05338      1.00000
FS1   -149.73450    146.31000      0.09883      1.00000
FS1   -143.35950    145.66500      0.07598      1.00000
FS1   -139.03950    145.00500      0.06216      1.00000
FS1   -138.13950    144.93000      0.19258      0.90130
FS1   -148.93950    157.75500      0.23179      0.76346
FS1   -137.74950    157.74000      0.01745      1.00000
FS1   -142.74450    144.18000      0.05765      1.00000
FS1   -150.16950    143.34000      0.13687      1.00000
FS1   -139.74450    142.74000      0.12572      1.00000
FS1   -138.15450    142.20000      0.07661      1.00000
FS1   -147.09450    142.50000     -0.02541      1.00000
FS1   -148.02450    142.96500      0.11735      1.00000
FS1   -144.39450    141.34500      0.02040      1.00000
FS1   -145.50450    157.09500      0.08930      1.00000
FS1   -147.48450    140.31000      0.21837      0.82994
FS1   -137.82450    139.80000      0.02476      1.00000
FS1   -140.37450    139.75500      0.01786      1.00000
FS1   -145.63950    139.56000      0.05099      1.00000
FS1   -151.38450    156.96000      0.07835      1.00000
FS1   -144.09450    139.05000     -0.01512      1.00000
FS1   -151.20450    138.57000      0.09088      1.00000
FS1   -145.15950    138.09000      0.06770      1.00000
FS1   -146.82450    138.03000      0.03281      1.00000
FS1   -149.53950    156.87000      0.16999      1.00000
FS1   -142.95450    137.59500      0.05848      1.00000
FS1   -139.56450    137.52000     -0.02686      1.00000
FS1   -141.78450    156.60000     -0.28979      0.62465
FS1   -138.90450    136.48500      0.07932      1.00000
FS1   -139.60950    136.15500      0.07979      1.00000
FS1   -141.49950    135.72000      0.14232      1.00000
FS1   -146.52450    136.62000      0.09565      1.00000
FS1   -147.31950    135.31500      0.14177      1.00000
FS1   -144.97950    135.12000      0.04406      1.00000
FS1   -151.78950    135.00000      0.07633      1.00000
FS1   -137.77950    134.59500      0.06633      1.00000
FS1   -140.16450    134.26500     -0.08057      1.00000
FS1   -152.01450    134.19000     -0.62388      0.28046
FS1   -151.18950    133.87500      0.05159      1.00000
FS1   -149.23950    133.33500      0.07193      1.00000
FS1   -138.36450    133.36500      0.02715      1.00000
FS1   -141.48450    132.87000     -0.24844      0.69831
FS1   -144.70950    131.95500      0.17907      1.00000
FS1   -137.86950    156.54000      0.06083      1.00000
FS1   -142.39950    130.95000      0.11641      1.00000
FS1   -151.35450    130.86000      0.38396      0.47955
FS1   -145.84950    130.53000      0.01875      1.00000
FS1   -144.76950    130.26000      0.18978      0.99352
FS1   -150.07950    130.00500      0.25227      0.74506
FS1   -138.79950    129.67500     -0.08255      1.00000
FS1   -148.95450    129.49500      0.26041      0.72072
FS2   -179.71050    124.37000     -0.05594      1.00000
FS2   -183.73050    124.25000     -0.08659      1.00000
FS2   -173.38050    123.00500      0.01161      1.00000
FS2   -181.25550    122.78000     -0.18273      1.00000
FS2   -179.96550    122.13500      0.18399      1.00000
FS2   -174.32550    121.59500      0.00900      1.00000
FS2   -181.12050    120.59000     -0.10611      1.00000
FS2   -178.57050    119.40500     -0.02302      1.00000
FS2   -176.54550    118.98500      0.09782      1.00000
FS2   -183.46050    118.55000      0.05260      1.00000
FS2   -178.73550    117.99500     -0.10923      1.00000
FS2   -176.54550    117.78500     -0.06486      1.00000
FS2   -177.22050    116.51000      0.01821      1.00000
FS2   -185.66550    116.28500      0.32730      0.58598
FS2   -177.73050    114.80000     -0.12342      1.00000
FS2   -172.49550    114.65000     -0.07973      1.00000
FS2   -183.40050    115.98500     -0.05718      1.00000
FS2   -184.66050    114.06500     -0.00683      1.00000
FS2   -175.85550    114.06500      0.18991      1.00000
FS2   -185.51550    113.33000      0.08617      1.00000
FS2   -171.91050    113.18000     -0.08348      1.00000
FS2   -171.65550    111.71000     -0.10647      1.00000
FS2   -179.03550    111.65000     -0.12940      1.00000
FS2   -177.20550    111.72500      0.15367      1.00000
FS2   -184.96050    111.09500      0.02835      1.00000
FS2   -173.00550    110.85500      0.00323      1.00000
FS2   -177.95550    110.69000     -0.03803      1.00000
FS2   -176.72550    109.82000      0.00371      1.00000
FS2   -182.77050    109.52000     -0.01226      1.00000
FS2   -180.59550    109.28000     -0.10218      1.00000
FS2   -172.12050    108.29000     -0.11443      1.00000
FS2   -180.65550    107.57000     -0.08437      1.00000
FS2   -172.39050    107.40500     -0.05554      1.00000
FS2   -185.42550    105.87500      0.10323      1.00000
FS2   -181.06050    106.11500     -0.05478      1.00000
FS2   -175.06050    125.46500      0.00912      1.00000
FS2   -176.63550    105.12500     -0.00998      1.00000
FS2   -185.21550    125.28500     -0.07823      1.00000
FS2   -183.94050    102.99500     -0.04514      1.00000
FS2   -172.61550    102.78500      0.00964      1.00000
FS2   -176.59050    102.62000      0.03079      1.00000
FS2   -173.62050    102.72500     -0.01359      1.00000
FS2   -181.30050    102.48500     -0.05594      1.00000
FS2   -181.61550    101.75000     -0.02568      1.00000
FS2   -183.35550    101.61500     -0.01133      1.00000
FS2   -184.94550    101.57000     -0.03326      1.00000
FS2   -179.62050    101.46500     -0.05095      1.00000
FS2   -180.76050    101.37500     -0.14174      1.00000
FS2   -175.33050    101.13500     -0.09549      1.00000
FS2   -180.55050    100.32500     -0.00212      1.00000
FS2   -183.83550    100.34000      0.02165      1.00000
FS2   -174.05550    100.25000      0.00968      1.00000
FS2   -179.66550     99.53000     -0.12107      1.00000
FS2   -181.48050     99.29000     -0.05026      1.00000
FS2   -173.74050     98.75000     -0.07407      1.00000
FS2   -173.23050    122.82500     -0.23678      0.71800
FS2   -185.53050    122.16500     -0.15710      1.00000
FS2   -176.44050    122.15000      0.23139      0.78786
FS2   -174.08550    120.69500      0.13983      1.00000
FS2   -177.25050    118.88000     -0.25132      0.67928
FS2   -180.43050    118.41500     -0.12911      1.00000
FS2   -176.14050    117.05000     -0.14535      1.00000
FS2   -174.47550    116.34500      0.00942      1.00000
FS2   -172.13550    125.88500     -0.25766      0.67286
FS2   -172.58550    114.60500     -0.13220      1.00000
FS2   -175.52550    114.44000     -0.51651      0.32930
FS2   -173.68050    116.55500     -0.13577      1.00000
FS2   -173.60550    113.40500     -0.15287      0.97943
FS2   -176.26050    112.29500     -0.08876      1.00000
FS2   -183.86550    112.08500     -0.10573      1.00000
FS2   -179.09550    111.98000     -0.10460      1.00000
FS2   -176.51550    111.32000     -0.04965      1.00000
FS2   -177.11550    124.98500     -0.10606      1.00000
FS2   -177.56550    117.45500     -0.11480      1.00000
FS2   -174.41550    110.88500     -0.17287      0.86584
FS2   -179.32050    109.49000     -0.10852      1.00000
FS2   -174.25050    109.13000     -0.13474      1.00000
FS2   -184.16550    108.56000     -0.22881      0.74176
FS2   -181.85550    108.47000     -0.06948      1.00000
FS2   -179.77050    108.12500     -0.09335      1.00000
FS2   -174.35550    108.09500     -0.20381      0.73506
FS2   -181.07550    123.57500     -0.14894      1.00000
FS2   -175.07550    107.01500     -0.06761      1.00000
FS2   -185.23050    106.83500     -0.05382      1.00000
FS2   -183.38550    106.76000     -0.03651      1.00000
FS2   -179.71050    105.93500     -0.07263      1.00000
FS2   -183.74550    105.80000     -0.13508      1.00000
FS2   -173.38050    104.57000     -0.04255      1.00000
FS2   -181.25550    104.34500     -0.17649      0.85748
FS2   -179.98050    103.68500      0.19141      1.00000
FS2   -174.32550    103.16000     -0.10094      1.00000
FS2   -184.72050    102.77000     -0.32008      0.51867
FS2   -181.13550    102.17000     -0.08253      1.00000
FS2   -178.57050    100.97000     -0.10826      1.00000
FS2   -176.54550    100.56500      0.02906      1.00000
FS2   -183.46050    100.11500      0.03471      1.00000
FS2   -178.73550     99.54500     -0.14775      0.90891
FS2   -176.54550     99.35000     -0.09496      1.00000
FS2   -177.22050     98.07500     -0.09172      1.00000
FS2   -185.66550     97.88000      0.17657      1.00000
FS3   -211.92150     29.84000     -0.05412      1.00000
FS3   -207.15150     29.30000      0.19119      1.00000
FS3   -216.40650     29.24000     -0.05274      1.00000
FS3   -211.63650     29.07500     -0.05810      1.00000
FS3   -215.35650     28.73000      0.24010      0.89271
FS3   -217.99650     27.89000      0.30058      0.65816
FS3   -209.25150     27.62000     -0.16793      0.91550
FS3   -212.35650     27.42500     -0.10341      1.00000
FS3   -218.85150     26.39000     -0.00629      1.00000
FS3   -215.91150     25.74500     -0.01341      1.00000
FS3   -219.70650     25.50500     -0.16874      1.00000
FS3   -215.41650     24.80000     -0.02927      1.00000
FS3   -217.72650     25.05500     -0.03404      1.00000
FS3   -218.98650     24.98000      0.14434      1.00000
FS3   -209.80650     23.94500     -0.06558      1.00000
FS3   -208.48650     23.73500     -0.06088      1.00000
FS3   -213.00150     23.42000     -0.03193      1.00000
FS3   -207.64650     23.03000     -0.11300      1.00000
FS3   -212.02650     22.85000     -0.11093      1.00000
FS3   -209.28150     22.41500      0.00323      1.00000
FS3   -212.32650     22.16000      0.02547      1.00000
FS3   -214.30650     21.86000     -0.19810      0.88524
FS3   -211.15650     21.45500     -0.06316      1.00000
FS3   -212.13150     18.35000     -0.10593      1.00000
FS3   -210.19650     17.66000     -0.13571      1.00000
FS3   -208.30650     17.54000     -0.12129      1.00000
FS3   -212.49150     16.16000      0.01868      1.00000
FS3   -210.73650     15.87500      0.02443      1.00000
FS3   -217.63650     14.96000     -0.01553      1.00000
FS3   -205.62150     14.88500     -0.07174      1.00000
FS3   -210.13650     14.70500     -0.08579      1.00000
FS3   -206.43150     14.16500      0.34712      0.71781
FS3   -211.54650     12.75500     -0.05479      1.00000
FS3   -210.72150     12.29000     -0.11143      1.00000
FS3   -215.59650     10.85000      0.06905      1.00000
FS3   -214.26150     10.62500     -0.08884      1.00000
FS3   -216.82650     10.52000      0.04648      1.00000
FS3   -207.45150      9.96500     -0.07617      1.00000
FS3   -212.95650     10.10000     -0.03990      1.00000
FS3   -209.47650     10.02500     -0.16261      0.90435
FS3   -210.12150      8.78000     -0.06580      1.00000
FS3   -213.63150      8.49500      0.00719      1.00000
FS3   -218.61150      8.15000      0.01750      1.00000
FS3   -216.19650      8.04500     -0.03052      1.00000
FS3   -212.58150      7.94000     -0.07198      1.00000
FS3   -206.61150      7.68500     -0.04410      1.00000
FS3   -209.14650      7.10000     -0.07152      1.00000
FS3   -211.90650      6.80000     -0.06994      1.00000
FS3   -214.23150      6.24500     -0.19003      0.88775
FS3   -216.28650      5.97500     -0.03798      1.00000
FS3   -207.00150      4.86500      0.00594      1.00000
FS3   -216.57150      4.76000     -0.02724      1.00000
FS3   -217.86150      3.60500     -0.03795      1.00000
FS3   -219.19650      2.34500      0.02796      1.00000
FS3   -208.95150      2.21000     -0.32618      0.51598
FS3   -212.08650     29.25500      0.11806      1.00000
FS3   -211.95150     28.55000     -0.01916      1.00000
FS3   -212.79150     28.28000      0.00195      1.00000
FS3   -216.33150     27.89000      0.10230      1.00000
FS3   -211.23150     26.91500      0.02631      1.00000
FS3   -216.88650     26.76500     -0.06508      1.00000
FS3   -214.93650     25.59500     -0.05110      1.00000
FS3   -207.97650     25.64000     -0.13054      0.94639
FS3   -216.18150     25.17500     -0.16173      1.00000
FS3   -212.68650     24.71000      0.01388      1.00000
FS3   -210.81150     24.39500      0.09033      1.00000
FS3   -217.86150     24.32000      0.19444      0.91688
FS3   -207.82650     24.15500      0.03223      1.00000
FS3   -208.96650     23.87000      0.07067      1.00000
FS3   -211.60650     21.36500      0.03224      1.00000
FS3   -218.67150     20.88500     -0.15459      1.00000
FS3   -206.92650     19.13000      0.05566      1.00000
FS3   -211.80150     18.50000     -0.06258      1.00000
FS3   -215.07150     17.81000      0.00550      1.00000
FS3   -212.91150     17.75000     -0.03188      1.00000
FS3   -212.19150     17.70500      0.05297      1.00000
FS3   -215.89650     17.51000     -0.14015      1.00000
FS3   -210.13650     17.28500     -0.08839      1.00000
FS3   -209.80650     16.34000     -0.10509      1.00000
FS3   -219.64650     15.66500     -0.10341      1.00000
FS3   -206.95650     15.21500      0.04182      1.00000
FS3   -214.23150     15.21500      0.06226      1.00000
FS3   -209.17650     15.41000     -0.03539      1.00000
FS3   -215.76150     16.13000      0.17734      1.00000
FS3   -211.68150     14.79500     -0.00809      1.00000
FS3   -207.09150     14.19500     -0.05712      1.00000
FS3   -210.36150     13.85000      0.10213      1.00000
FS3   -213.22650     13.56500      0.07261      1.00000
FS3   -209.23650     13.31000     -0.11266      1.00000
FS3   -205.93650     12.92000      0.04267      1.00000
FS3   -214.84650     12.83000     -0.16033      0.93490
FS3   -210.10650     12.81500      0.07946      1.00000
FS3   -211.89150     11.40500      0.00365      1.00000
FS3   -207.45150     30.23000      0.61186      0.31986
FS3   -216.37650     10.80500      0.00854      1.00000
FS3   -211.60650     10.64000     -0.01158      1.00000
FS3   -215.31150     10.28000      0.32793      0.59242
FS3   -217.96650      9.44000      0.35766      0.50953
FS3   -209.22150      9.18500     -0.17561      0.75394
FS3   -212.31150      8.99000     -0.05358      1.00000
FS3   -210.19650     29.91500      0.05204      1.00000
FS3   -207.45150      8.09000      0.00736      1.00000
FS3   -219.76650      7.92500      0.04348      1.00000
FS3   -218.80650      7.94000      0.10083      1.00000
FS3   -215.86650      7.31000      0.02254      1.00000
FS3   -219.67650      7.05500     -0.08860      1.00000
FS3   -217.69650      6.60500      0.04140      1.00000
FS3   -215.37150      6.36500      0.04108      1.00000
FS3   -218.95650      6.53000      0.23230      0.77033
FS3   -209.76150      5.51000      0.01090      1.00000
FS3   -208.45650      5.30000      0.00699      1.00000
FS3   -212.95650      4.98500      0.00843      1.00000
FS3   -207.61650      4.59500      0.05124      1.00000
FS3   -211.98150      4.40000     -0.03310      1.00000
FS3   -210.46650      4.35500      0.04963      1.00000
FS3   -209.23650      3.98000      0.03840      1.00000
FS3   -212.28150      3.72500      0.08197      1.00000
FS3   -214.27650      3.41000     -0.22261      0.68787
FS3   -211.11150      3.00500      0.01296      1.00000
FS3   -210.13650      2.36000      0.20115      1.00000
FS4   -216.97650    -30.23000      0.06499      1.00000
FS4   -210.90150    -30.92000      0.07318      1.00000
FS4   -216.25650     -5.25500      0.13735      1.00000
FS4   -205.62150     -5.52500      0.00206      1.00000
FS4   -219.57150     -6.11000     -0.40964      0.54415
FS4   -210.49650     -6.11000      0.01909      1.00000
FS4   -215.41650     -6.18500      0.06387      1.00000
FS4   -217.24650     -7.05500      0.09231      1.00000
FS4   -205.27650     -7.04000     -0.05809      1.00000
FS4   -219.31650     -7.20500     -0.09653      1.00000
FS4   -219.67650     -7.91000     -0.05460      1.00000
FS4   -207.99150     -8.75000      0.22460      1.00000
FS4   -211.32150     -8.99000      0.09144      1.00000
FS4   -206.43150     -9.09500     -0.08019      1.00000
FS4   -208.83150     -9.72500      0.07174      1.00000
FS4   -211.86150     -9.62000      0.02515      1.00000
FS4   -215.38650     -9.89000      0.21294      0.96681
FS4   -209.65650    -10.25000     -0.01935      1.00000
FS4   -208.14150    -11.55500      0.16495      1.00000
FS4   -217.30650    -12.24500     -0.08322      1.00000
FS4   -207.12150    -12.50000      0.06566      1.00000
FS4   -212.29650    -12.56000      0.05198      1.00000
FS4   -217.27650    -15.14000      0.08516      1.00000
FS4   -218.95650    -15.92000     -0.01445      1.00000
FS4   -210.15150    -16.20500      0.03351      1.00000
FS4   -216.63150    -15.90500     -0.16581      1.00000
FS4   -212.58150    -16.49000      0.11906      1.00000
FS4   -207.24150    -16.98500     -0.03346      1.00000
FS4   -217.20150    -17.19500      0.08821      1.00000
FS4   -208.03650    -17.46500      0.11765      1.00000
FS4   -205.83150    -18.30500      0.02928      1.00000
FS4   -214.06650    -19.59500      0.05856      1.00000
FS4   -212.31150    -19.68500      0.07147      1.00000
FS4   -208.17150     -2.96000      0.09243      1.00000
FS4   -210.75150    -20.82500     -0.05542      1.00000
FS4   -208.50150    -21.05000      0.17625      1.00000
FS4   -210.01650     -3.26000      0.07018      1.00000
FS4   -214.69650    -23.28500      0.05160      1.00000
FS4   -206.35650     -3.59000      0.12846      1.00000
FS4   -218.05650    -23.70500     -0.04704      1.00000
FS4   -217.44150     -3.74000      0.09349      1.00000
FS4   -208.57650    -25.68500      0.19942      1.00000
FS4   -214.93650    -26.00000      0.00949      1.00000
FS4   -208.39650    -26.64500     -0.07190      1.00000
FS4   -216.72150    -27.45500      0.13348      1.00000
FS4   -205.53150    -27.24500      0.16467      1.00000
FS4   -208.84650    -27.54500      0.10034      1.00000
FS4   -219.30150    -27.86000     -0.01722      1.00000
FS4   -210.36150    -28.32500     -0.11237      1.00000
FS4   -206.83650    -28.44500      0.15282      1.00000
FS4   -217.93650    -29.31500     -0.07147      1.00000
FS4   -211.20150    -29.82500      0.12253      1.00000
FS4   -210.37650    -30.00500     -0.03359      1.00000
FS4   -214.09650    -30.33500      0.27135      0.73737
FS4   -206.82150     -4.46000      0.03010      1.00000
FS4   -212.34150     -4.94000      0.02348      1.00000
FS4   -217.26150    -30.69500     -0.13626      1.00000
FS4   -207.06150    -30.95000      0.05687      1.00000
FS4   -212.23650    -31.01000      0.05018      1.00000
FS4   -210.79650     -5.79500     -0.01600      1.00000
FS4   -215.67150     -7.23500     -0.00604      1.00000
FS4   -214.32150     -7.46000      0.16706      1.00000
FS4   -216.90150     -7.56500     -0.03749      1.00000
FS4   -213.03150     -7.98500      0.07156      1.00000
FS4   -207.54150     -8.10500      0.11347      1.00000
FS4   -209.55150     -8.06000      0.18415      1.00000
FS4   -212.55150     -8.69000      0.13223      1.00000
FS4   -208.65150     -8.82500      0.10568      1.00000
FS4   -213.70650     -9.59000     -0.02091      1.00000
FS4   -218.70150     -9.95000      0.01632      1.00000
FS4   -216.28650    -10.04000      0.10608      1.00000
FS4   -212.64150    -10.14500      0.20975      0.99861
FS4   -206.67150    -10.38500      0.05105      1.00000
FS4   -209.22150    -10.97000      0.08458      1.00000
FS4   -214.29150    -11.82500      0.19002      1.00000
FS4   -216.36150    -12.11000     -0.03058      1.00000
FS4   -214.83150    -12.92000     -0.22370      0.76207
FS4   -216.64650    -13.32500      0.05678      1.00000
FS4   -217.74150     -3.12500      0.07936      1.00000
FS4   -205.69650     -3.17000      0.16420      1.00000
FS4   -210.22650     -3.36500      0.12051      1.00000
FS4   -219.27150    -15.75500     -0.03901      1.00000
FS4   -208.96650    -15.90500      0.19473      1.00000
FS4   -205.98150    -16.20500      0.14323      1.00000
FS4   -205.32150    -17.04500     -0.58761      0.26781
FS4   -208.35150    -18.00500      0.08200      1.00000
FS4   -216.46650     -3.92000      0.07188      1.00000
FS4   -215.46150    -18.60500     -0.05000      1.00000
FS4   -217.92150    -18.08000     -0.03157      1.00000
FS4   -216.28650    -18.21500      0.03055      1.00000
FS4   -208.75650    -19.26500      0.27909      0.79641
FS4   -211.87650    -19.85000     -0.13336      1.00000
FS4   -210.45150    -20.36000      0.07298      1.00000
FS4   -208.12650    -21.41000      0.07604      1.00000
FS4   -209.95650    -21.71000      0.07989      1.00000
FS4   -206.29650    -22.04000      0.04753      1.00000
FS4   -217.39650    -22.20500     -0.04047      1.00000
FS4   -206.77650    -22.91000      0.04413      1.00000
FS4   -212.29650    -23.40500      0.03456      1.00000
FS4   -216.21150    -23.72000      0.07314      1.00000
FS4   -205.57650    -23.97500      0.03641      1.00000
FS4   -219.51150    -24.57500     -0.33569      0.63470
FS4   -210.45150    -24.56000      0.08326      1.00000
FS4   -215.37150    -24.65000      0.02806      1.00000
FS4   -217.18650    -25.52000      0.00855      1.00000
FS4   -219.27150    -25.67000     -0.08093      1.00000
FS4   -207.93150    -27.20000      0.20656      1.00000
FS4   -211.26150    -27.45500      0.11798      1.00000
FS4   -206.38650    -27.54500      0.00345      1.00000
FS4   -211.81650    -28.07000      0.05777      1.00000
FS4   -208.78650    -28.17500      0.10538      1.00000
FS4   -215.31150    -28.35500      0.13528      1.00000
FS4   -205.26150    -28.53500      0.06777      1.00000
FS4   -209.59650    -28.71500      0.03073      1.00000
FS4   -208.09650    -30.00500      0.14113      1.00000
FS4   -211.62150     -5.33000      0.09029      1.00000
