FN4    217.20150    -30.90500     -0.01866      1.00000
FN4    209.23650     -5.22500      0.03533      1.00000
FN4    205.60650     -5.33000      0.01685      1.00000
FN4    215.37150     -6.18500     -0.01263      1.00000
FN4    209.58150     -6.50000      0.00463      1.00000
FN4    206.01150     -6.50000      0.02207      1.00000
FN4    211.44150     -6.86000      0.01382      1.00000
FN4    216.25650     -6.95000      0.00025      1.00000
FN4    208.72650     -6.20000     -0.00098      1.00000
FN4    209.86650     -7.71500      0.02437      1.00000
FN4    205.59150     -8.66000      0.10243      1.00000
FN4    215.29650     -8.75000      0.01677      1.00000
FN4    216.76650     -9.54500      0.00815      1.00000
FN4    208.36650    -10.80500      0.00636      1.00000
FN4    211.24650    -10.89500      0.01158      1.00000
FN4    209.89650    -11.28500     -0.00886      1.00000
FN4    214.95150     -2.85500      0.02233      1.00000
FN4    215.44650    -11.99000     -0.00315      1.00000
FN4    208.11150    -11.84000      0.02043      1.00000
FN4    212.37150    -12.24500      0.01090      1.00000
FN4    219.48150     -2.91500      0.08378      1.00000
FN4    207.96150    -13.43000      0.00198      1.00000
FN4    207.15150    -14.13500      0.04464      1.00000
FN4    208.74150    -14.10500      0.01581      1.00000
FN4    215.11650    -14.52500     -0.01172      1.00000
FN4    207.82650    -16.26500     -0.00034      1.00000
FN4    211.87650    -16.79000     -0.03124      1.00000
FN4    214.30650    -16.85000      0.03248      1.00000
FN4    208.00650    -17.34500      0.06725      1.00000
FN4    212.76150    -17.70500      0.00771      1.00000
FN4    206.74650    -17.85500      0.01715      1.00000
FN4    211.84650    -17.88500      0.02645      1.00000
FN4    210.15150    -17.93000      0.05855      1.00000
FN4    208.86150    -18.17000     -0.00047      1.00000
FN4    210.91650     -3.51500      0.02105      1.00000
FN4    215.88150    -18.63500     -0.00054      1.00000
FN4    217.00650    -19.04000      0.00072      1.00000
FN4    212.31150    -19.38500      0.05771      1.00000
FN4    210.03150    -19.49000     -0.00123      1.00000
FN4    216.93150    -19.82000      0.00249      1.00000
FN4    211.47150    -19.97000      0.01903      1.00000
FN4    218.89650    -20.18000     -0.04787      1.00000
FN4    210.36150    -20.37500     -0.00933      1.00000
FN4    208.18650    -21.69500      0.00288      1.00000
FN4    212.40150    -22.31000     -0.04706      1.00000
FN4    206.76150    -22.55000     -0.05235      1.00000
FN4    206.08650    -22.80500     -0.00867      1.00000
FN4    207.60150    -22.94000      0.00839      1.00000
FN4    216.15150    -23.36000     -0.00706      1.00000
FN4    216.79650    -22.85000     -0.02947      1.00000
FN4    216.01650    -24.24500     -0.00672      1.00000
FN4    209.44650    -25.32500      0.00648      1.00000
FN4    213.09150    -25.67000     -0.00977      1.00000
FN4    211.65150    -25.65500     -0.02062      1.00000
FN4    214.66650    -26.45000     -0.00948      1.00000
FN4    211.24650    -26.93000     -0.01004      1.00000
FN4    213.84150    -27.06500     -0.01645      1.00000
FN4    212.22150    -27.29000     -0.00546      1.00000
FN4    211.26150    -28.14500     -0.01022      1.00000
FN4    208.39650    -28.50500     -0.01864      1.00000
FN4    205.96650    -28.61000     -0.01799      1.00000
FN4    207.37650    -28.70000     -0.01679      1.00000
FN4    218.35650    -28.40000      0.00445      1.00000
FN4    210.58650    -28.65500     -0.02977      1.00000
FN4    206.14650     -4.16000      0.02499      1.00000
FN4    217.62150    -29.13500     -0.01386      1.00000
FN4    216.15150    -29.21000      0.09280      1.00000
FN4    211.26150    -29.30000     -0.01702      1.00000
FN4    208.81650    -29.81000     -0.02318      1.00000
FN4    211.60650    -30.11000      0.03577      1.00000
FN4    209.58150    -30.45500     -0.01246      1.00000
FN4    215.92650     -4.43000      0.05878      1.00000
FN4    207.72150     -4.67000     -0.03814      1.00000
FN4    211.14150     -4.85000      0.06090      1.00000
FN4    215.52150    -30.03500     -0.02705      1.00000
FN4    212.47650     -4.77500      0.00109      1.00000
FN4    207.37650     -5.28500      0.00246      1.00000
FN4    213.58650     -6.59000     -0.00071      1.00000
FN4    216.16650     -6.59000      0.01108      1.00000
FN4    205.98150     -6.78500      0.02200      1.00000
FN4    208.00650     -6.86000      0.14119      0.70411
FN4    212.41650     -7.26500      0.00543      1.00000
FN4    210.58650     -7.59500     -0.01301      1.00000
FN4    214.96650     -7.65500     -0.03609      1.00000
FN4    218.41650     -8.63000      0.00587      1.00000
FN4    216.45150     -9.05000      0.00694      1.00000
FN4    205.89150     -9.57500      0.03544      1.00000
FN4    213.94650     -9.59000      0.00882      1.00000
FN4    212.10150     -9.95000      0.00539      1.00000
FN4    209.49150    -10.14500      0.06848      1.00000
FN4    217.92150    -10.23500      0.02419      1.00000
FN4    207.97650    -10.28000      0.00624      1.00000
FN4    212.08650    -10.97000      0.01189      1.00000
FN4    205.87650    -12.02000     -0.00535      1.00000
FN4    207.67650    -12.20000      0.01250      1.00000
FN4    209.79150    -12.38000      0.01181      1.00000
FN4    215.83650    -12.51500      0.00588      1.00000
FN4    215.13150    -12.87500      0.00335      1.00000
FN4    219.13650    -12.98000      0.00604      1.00000
FN4    208.02150    -13.52000      0.00983      1.00000
FN4    209.38650    -13.92500     -0.02261      1.00000
FN4    218.23650    -14.15000      0.00711      1.00000
FN4    214.81650    -14.27000      0.01847      1.00000
FN4    205.84650    -14.40500      0.00325      1.00000
FN4    210.91650    -15.93500      0.00078      1.00000
FN4    217.36650     -2.52500      0.00476      1.00000
FN4    211.02150     -3.17000      0.02225      1.00000
FN4    213.33150    -16.85000      0.00348      1.00000
FN4    206.25150     -3.39500      0.01711      1.00000
FN4    212.73150    -17.70500     -0.03835      1.00000
FN4    207.67650    -18.77000      0.02272      1.00000
FN4    215.28150    -19.17500      0.00702      1.00000
FN4    206.16150    -19.23500      0.03893      1.00000
FN4    217.08150    -20.24000     -0.00464      1.00000
FN4    208.32150    -20.51000      0.06484      1.00000
FN4    215.01150    -20.90000     -0.00069      1.00000
FN4    219.54150    -20.96000      0.03581      1.00000
FN4    210.97650    -21.57500     -0.00042      1.00000
FN4    206.20650    -22.22000      0.01186      1.00000
FN4    215.98650    -22.49000      0.02384      1.00000
FN4    207.78150    -22.73000     -0.03971      1.00000
FN4    211.20150    -22.91000      0.00374      1.00000
FN4    209.29650    -23.28500      0.02534      1.00000
FN4    215.43150    -24.24500     -0.02777      1.00000
FN4    208.78650    -24.24500     -0.00090      1.00000
FN4    209.64150    -24.56000     -0.02365      1.00000
FN4    211.50150    -24.92000     -0.00546      1.00000
FN4    216.31650    -24.99500     -0.00388      1.00000
FN4    209.94150    -25.77500     -0.00833      1.00000
FN4    205.66650    -26.72000      0.08922      1.00000
FN4    215.37150    -26.79500      0.00549      1.00000
FN4    211.23150    -27.18500     -0.06337      1.00000
FN4    216.82650    -27.60500     -0.02300      1.00000
FN4    213.43650    -28.02500     -0.11861      0.71827
FN4    218.61150    -28.83500      0.01264      1.00000
FN4    208.44150    -28.86500     -0.00658      1.00000
FN4    211.32150    -28.95500     -0.01403      1.00000
FN4    209.95650    -29.34500     -0.00743      1.00000
FN4    208.17150    -29.90000      0.00828      1.00000
FN4    212.43150    -30.30500     -0.01747      1.00000
FN4    218.46150     -4.35500     -0.01001      1.00000
FN4    215.43150     -4.55000      0.00708      1.00000
FN3    217.81650     28.79000      0.01316      1.00000
FN3    216.93150     28.40000     -0.06094      1.00000
FN3    206.07150     28.59500     -0.04898      1.00000
FN3    212.34150     28.43000     -0.06398      1.00000
FN3    217.56150     27.86000     -0.06071      1.00000
FN3    214.51650     27.78500     -0.05226      1.00000
FN3    205.80150     26.58500     -0.04967      1.00000
FN3    218.82150     26.10500     -0.07689      1.00000
FN3    217.59150     25.31000     -0.02680      1.00000
FN3    206.07150     24.84500     -0.07155      1.00000
FN3    207.21150     24.78500     -0.04928      1.00000
FN3    208.36650     22.89500     -0.08066      1.00000
FN3    210.24150     22.05500     -0.03329      1.00000
FN3    213.04650     22.05500     -0.02948      1.00000
FN3    209.59650     21.20000     -0.02667      1.00000
FN3    207.54150     20.97500     -0.03328      1.00000
FN3    214.12650     20.79500     -0.03287      1.00000
FN3    205.96650     19.64000     -0.03207      1.00000
FN3    214.29150     19.28000     -0.04005      1.00000
FN3    207.40650     19.05500     -0.03124      1.00000
FN3    212.62650     18.96500     -0.03188      1.00000
FN3    209.16150     18.48500     -0.03523      1.00000
FN3    218.10150     18.33500     -0.02569      1.00000
FN3    216.21150     18.17000     -0.04354      1.00000
FN3    206.92650     17.99000     -0.03381      1.00000
FN3    212.16150     16.83500     -0.02890      1.00000
FN3    205.72650     18.21500     -0.03431      1.00000
FN3    217.45650     15.24500     -0.02648      1.00000
FN3    219.04650     15.18500     -0.00572      1.00000
FN3    208.72650     15.12500     -0.07194      1.00000
FN3    206.31150     14.36000     -0.03385      1.00000
FN3    211.05150     14.60000     -0.00286      1.00000
FN3    212.56650     12.98000     -0.01415      1.00000
FN3    207.45150     12.47000     -0.01544      1.00000
FN3    213.66150     11.16500     -0.02822      1.00000
FN3    216.25650     11.15000     -0.05133      1.00000
FN3    206.04150     10.97000     -0.05328      1.00000
FN3    219.21150     29.61500     -0.06056      1.00000
FN3    208.06650     10.88000      0.07512      1.00000
FN3    212.50650     10.49000     -0.01261      1.00000
FN3    210.64650     10.16000     -0.02456      1.00000
FN3    218.50650      9.12500     -0.02385      1.00000
FN3    216.54150      8.69000     -0.03577      1.00000
FN3    212.16150      7.80500     -0.03319      1.00000
FN3    217.98150      7.50500     -0.04772      1.00000
FN3    208.03650      7.47500     -0.03286      1.00000
FN3    212.16150      6.78500     -0.03708      1.00000
FN3    212.85150      5.52500     -0.01837      1.00000
FN3    205.93650      5.73500     -0.03549      1.00000
FN3    207.75150      5.54000     -0.01885      1.00000
FN3    209.86650      5.36000     -0.01294      1.00000
FN3    215.20650      4.88000     -0.01854      1.00000
FN3    219.21150      4.76000     -0.02942      1.00000
FN3    208.09650      4.23500     -0.01683      1.00000
FN3    209.46150      3.83000     -0.03679      1.00000
FN3    218.31150      3.59000     -0.05502      1.00000
FN3    216.70650      3.71000     -0.03836      1.00000
FN3    214.89150      3.48500      0.02529      1.00000
FN3    205.90650      3.33500     -0.00838      1.00000
FN3    218.28150      2.61500     -0.05115      1.00000
FN3    210.99150      1.82000     -0.02350      1.00000
FN3    208.18650     27.89000     -0.02776      1.00000
FN3    206.86650     27.42500     -0.01806      1.00000
FN3    209.92650     27.33500     -0.02279      1.00000
FN3    215.97150     27.02000     -0.02043      1.00000
FN3    218.13150     25.14500     -0.04659      1.00000
FN3    207.03150     25.01000     -0.03934      1.00000
FN3    210.67650     24.80000     -0.03156      1.00000
FN3    213.04650     24.17000     -0.01381      1.00000
FN3    209.85150     23.09000     -0.01818      1.00000
FN3    207.79650     22.08500     -0.05412      1.00000
FN3    210.57150     21.17000     -0.03633      1.00000
FN3    210.27150     22.05500     -0.09324      1.00000
FN3    217.90650     20.91500     -0.06114      1.00000
FN3    216.10650     20.12000     -0.01144      1.00000
FN3    210.42150     20.09000     -0.04126      1.00000
FN3    207.10650     19.62500     -0.05261      1.00000
FN3    207.88650     19.19000     -0.00744      1.00000
FN3    215.07150     19.02500     -0.02066      1.00000
FN3    212.52150     18.56000     -0.02652      1.00000
FN3    213.75150     18.50000     -0.01489      1.00000
FN3    208.86150     18.44000     -0.02510      1.00000
FN3    210.58650     18.08000     -0.07955      1.00000
FN3    207.73650     17.55500     -0.01653      1.00000
FN3    215.71650     17.03000     -0.01278      1.00000
FN3    216.90150     16.59500     -0.02589      1.00000
FN3    206.28150     16.16000     -0.00328      1.00000
FN3    211.36650     15.86000      0.02461      1.00000
FN3    209.62650     15.72500     -0.02378      1.00000
FN3    216.94650     15.42500     -0.01936      1.00000
FN3    211.63650     30.08000     -0.04860      1.00000
FN3    214.11150     14.85500     -0.02731      1.00000
FN3    210.16650     13.88000     -0.03122      1.00000
FN3    218.88150     13.43000     -0.01327      1.00000
FN3    209.89650     29.69000     -0.02914      1.00000
FN3    219.24150     11.54000     -0.05591      1.00000
FN3    219.07650     29.12000     -0.03732      1.00000
FN3    217.84650     10.71500      0.04597      1.00000
FN3    206.10150     10.52000     -0.00490      1.00000
FN3    212.37150     10.35500     -0.02949      1.00000
FN3    216.94650     10.32500     -0.03070      1.00000
FN3    209.10150      9.96500      0.02245      1.00000
FN3    217.59150      9.78500     -0.03154      1.00000
FN3    214.54650      9.72500     -0.02031      1.00000
FN3    205.81650      8.49500     -0.01116      1.00000
FN3    218.85150      8.04500     -0.04719      1.00000
FN3    210.54150      7.53500     -0.06170      1.00000
FN3    217.62150      7.23500      0.01318      1.00000
FN3    206.10150      6.77000     -0.06106      1.00000
FN3    207.24150      6.71000     -0.02756      1.00000
FN3    208.41150      4.82000     -0.02985      1.00000
FN3    210.27150      3.98000     -0.00472      1.00000
FN3    209.62650      3.12500     -0.01709      1.00000
FN3    207.57150      2.90000     -0.01717      1.00000
FN3    214.15650      2.73500     -0.02101      1.00000
FN3    213.07650      3.99500     -0.03013      1.00000
FN2    185.03550    123.66500      0.07001      0.59129
FN2    173.83050    122.75000      0.05328      0.96890
FN2    185.45550    122.55500      0.11016      0.49488
FN2    178.73550    121.40000      0.21297      0.38652
FN2    182.12550    121.22000      0.12217      0.51949
FN2    184.75050    121.19000      0.08648      0.57904
FN2    173.65050    120.77000      0.04828      1.00000
FN2    185.36550    119.36000      0.07990      0.61381
FN2    182.69550    119.04500      0.07361      0.69151
FN2    176.03550    118.85000      0.06694      0.89513
FN2    182.33550    118.17500      0.06748      0.74203
FN2    183.58050    117.48500      0.11038      0.57007
FN2    181.48050    117.27500      0.07245      0.75352
FN2    172.45050    115.55000      0.10296      0.81794
FN2    175.43550    115.37000      0.08101      0.89056
FN2    185.18550    125.84000      0.05243      0.61252
FN2    176.03550    114.24500      0.05142      1.00000
FN2    183.14550    113.67500      0.04445      0.96635
FN2    175.70550    113.52500      0.12659      0.67307
FN2    176.92050    111.81500      0.10762      0.75967
FN2    182.51550    111.57500      0.09069      0.73700
FN2    183.58050    111.21500      0.11256      0.63330
FN2    179.54550    111.14000      0.07333      0.92074
FN2    178.54050    110.88500      0.07140      0.97236
FN2    179.39550    110.31500      0.09950      0.77496
FN2    180.25050    109.37000      0.04430      1.00000
FN2    180.41550    125.39000      0.08421      0.59963
FN2    173.68050    109.26500      0.10084      0.90981
FN2    183.56550    125.06000      0.19422      0.36104
FN2    172.13550    108.66500      0.09669      0.99288
FN2    178.90050    108.56000      0.09883      0.81577
FN2    182.51550    125.10500      0.10162      0.52444
FN2    172.30050    107.85500      0.09625      1.00000
FN2    176.06550    107.85500      0.07671      1.00000
FN2    173.29050    107.55500      0.09695      0.98059
FN2    173.78550    106.31000      0.14127      0.71423
FN2    181.40550    105.87500      0.09461      0.82743
FN2    182.53050    105.72500      0.04552      1.00000
FN2    177.59550    105.24500      0.08110      1.00000
FN2    175.97550    104.81000      0.09100      1.00000
FN2    173.42550    104.57000      0.12307      0.83382
FN2    181.22550    104.03000      0.06637      1.00000
FN2    173.17050    103.79000      0.09072      1.00000
FN2    176.21550    103.35500      0.09965      0.95536
FN2    177.31050    103.11500     -0.17761      0.73116
FN2    182.77050    103.05500      0.13013      0.66509
FN2    175.48050    124.35500      0.07070      0.76859
FN2    176.77050    102.15500      0.06360      1.00000
FN2    182.42550    102.14000      0.09410      0.86456
FN2    185.00550    124.37000      0.09450      0.51716
FN2    178.66050    101.25500      0.10212      0.90959
FN2    176.59050    124.31000      0.02810      1.00000
FN2    174.08550    101.06000      0.07100      1.00000
FN2    180.23550    100.88000      0.17656      0.55779
FN2    179.24550    100.52000      0.15795      0.62711
FN2    175.46550    100.32500     -0.00005      1.00000
FN2    174.49050     99.89000      0.22885      0.47976
FN2    183.59550     99.83000      0.08965      0.90224
FN2    181.13550     99.36500      0.05340      1.00000
FN2    180.23550     99.24500      0.03335      1.00000
FN2    182.23050     98.84000      0.04824      1.00000
FN2    179.33550     98.87000      0.08168      1.00000
FN2    174.37050     98.49500      0.05631      1.00000
FN2    185.12550     98.40500      0.08471      0.92168
FN2    180.73050     98.27000     -0.03015      1.00000
FN2    177.43050     97.92500      0.05861      1.00000
FN2    174.01050    124.47500      0.11407      0.52893
FN2    183.50550    123.38000      0.15114      0.37094
FN2    176.59050    122.99000      0.04093      0.82936
FN2    182.26050    122.78000      0.09777      0.48586
FN2    177.55050    123.27500      0.09895      0.53904
FN2    180.37050    120.09500      0.06025      0.68003
FN2    181.07550    119.91500      0.09541      0.53855
FN2    185.92050    120.11000      0.08761      0.49218
FN2    178.63050    119.75000      0.10197      0.55490
FN2    172.84050    119.39000      0.08229      0.74661
FN2    183.07050    119.12000      0.09116      0.53198
FN2    173.21550    118.65500      0.13622      0.53132
FN2    181.51050    118.35500      0.09799      0.54237
FN2    172.36050    118.10000      0.12318      0.58894
FN2    173.89050    117.75500      0.16387      0.46229
FN2    180.53550    116.94500      0.04815      0.80852
FN2    178.15050    116.82500      0.12864      0.51297
FN2    184.73550    116.57000      0.04377      0.72637
FN2    178.88550    116.55500      0.10702      0.57103
FN2    179.86050    115.98500      0.09126      0.61986
FN2    183.56550    115.94000      0.06952      0.64135
FN2    175.48050    115.77500      0.10290      0.64868
FN2    176.51550    114.92000      0.06423      0.86102
FN2    173.05050    114.06500      0.09478      0.75983
FN2    179.33550    114.00500      0.03842      1.00000
FN2    172.03050    112.49000      0.11418      0.69613
FN2    176.24550    126.14000      0.10401      0.51065
FN2    172.45050    111.29000      0.06959      1.00000
FN2    174.14550    111.65000      0.11911      0.64983
FN2    175.66050    125.97500      0.11936      0.48078
FN2    173.39550    109.41500      0.11755      0.69400
FN2    174.14550    109.25000      0.09514      0.81095
FN2    181.55550    108.72500      0.12372      0.56015
FN2    173.51550    125.49500      0.09571      0.58182
FN2    183.50550    106.95500      0.15552      0.46783
FN2    182.45550    107.01500      0.10896      0.61677
FN2    175.42050    106.25000      0.08658      0.89437
FN2    184.96050    106.28000      0.11840      0.55616
FN2    176.51550    106.20500      0.07108      1.00000
FN2    173.08050    105.62000      0.09327      0.91034
FN2    184.99050    105.57500      0.10153      0.62249
FN2    181.85550    125.18000      0.09538      0.47221
FN2    182.80050    106.17500      0.19994      0.39349
FN2    173.77050    104.64500      0.07640      1.00000
FN2    185.41050    104.48000      0.13295      0.52255
FN2    178.79550    125.01500      0.11015      0.47584
FN2    178.67550    103.31000      0.14563      0.56661
FN2    182.06550    103.11500      0.12671      0.59306
FN2    184.69050    103.10000      0.08725      0.72404
FN2    173.57550    102.66500      0.06507      1.00000
FN2    185.32050    101.27000      0.09920      0.67514
FN2    182.65050    100.95500      0.11978      0.63046
FN2    175.97550    100.74500      0.10919      0.79676
FN2    182.29050    100.08500      0.09173      0.78874
FN2    183.53550     99.38000      0.10535      0.69673
FN2    181.42050     99.18500      0.08661      0.85667
FN1    148.33950    154.92000     -0.17505      0.73056
FN1    142.74450    154.26000     -0.17413      0.62419
FN1    141.70950    153.82500     -0.20291      0.52408
FN1    149.46450    153.36000     -0.20229      0.61393
FN1    146.65950    152.16000     -0.20812      0.54415
FN1    150.30450    151.86000     -0.15013      0.83477
FN1    147.90450    151.90500     -0.20117      0.57494
FN1    141.34950    151.62000     -0.19933      0.50849
FN1    147.75450    150.43500     -0.16034      0.69361
FN1    150.94950    148.35000     -0.17003      0.67324
FN1    138.28950    147.87000     -0.18282      0.49235
FN1    144.21450    147.03000     -0.16756      0.57342
FN1    149.92950    147.09000     -0.17367      0.62462
FN1    140.07450    146.59500     -0.18401      0.49339
FN1    147.40950    146.32500     -0.17421      0.58142
FN1    139.72950    145.78500     -0.19760      0.45903
FN1    141.34950    144.00000     -0.16562      0.52647
FN1    139.78950    142.80000     -0.26018      0.35664
FN1    139.17450    143.49000     -0.19538      0.44787
FN1    145.44450    142.41000     -0.16699      0.54473
FN1    143.34450    141.64500     -0.16189      0.53437
FN1    138.78450    141.30000     -0.18645      0.45153
FN1    147.55950    141.01500     -0.15659      0.58196
FN1    142.44450    140.62500     -0.17463      0.49198
FN1    142.11450    143.35500     -0.18401      0.48621
FN1    147.43950    139.72500     -0.16566      0.54479
FN1    147.09450    138.45000     -0.16656      0.53052
FN1    138.07950    157.81500     -0.20510      0.52497
FN1    149.53950    138.49500     -0.14988      0.60048
FN1    144.93450    137.85000     -0.16965      0.50368
FN1    150.90450    157.29000     -0.26046      0.52524
FN1    150.60450    137.35500     -0.16467      0.55799
FN1    138.48450    137.29500     -0.15072      0.50335
FN1    148.30950    137.11500     -0.17862      0.50303
FN1    143.46450    135.99000     -0.22860      0.38758
FN1    144.51450    135.33000     -0.14992      0.53358
FN1    147.67950    134.79000     -0.14899      0.55712
FN1    143.25450    134.26500     -0.15282      0.51295
FN1    151.56450    134.23500     -0.17075      0.52900
FN1    143.88450    133.12500     -0.20318      0.41716
FN1    140.52450    132.42000     -0.16956      0.45745
FN1    138.75450    131.91000     -0.12717      0.53900
FN1    145.93950    131.25000     -0.17170      0.47581
FN1    150.84450    130.18500     -0.10600      0.60703
FN1    138.42450    155.97000     -0.14373      0.60598
FN1    149.68950    155.77500     -0.15934      0.75764
FN1    142.92450    155.20500     -0.15600      0.61535
FN1    141.31950    155.08500     -0.16419      0.56141
FN1    150.84450    154.96500     -0.08898      1.00000
FN1    149.95950    153.58500     -0.11107      1.00000
FN1    143.52450    152.07000     -0.05542      1.00000
FN1    150.24450    151.98000     -0.14182      0.76746
FN1    148.23450    151.81500     -0.14472      0.69837
FN1    141.73950    151.59000     -0.17123      0.50447
FN1    139.42950    151.41000     -0.14794      0.54415
FN1    138.88950    149.88000     -0.15752      0.49733
FN1    144.01950    149.46000     -0.12015      0.68676
FN1    148.02450    149.31000     -0.18413      0.51188
FN1    144.85950    148.05000     -0.10716      0.74337
FN1    151.17450    147.78000     -0.18819      0.51953
FN1    150.76950    157.72500     -0.18405      0.70791
FN1    146.01450    146.17500     -0.13082      0.62001
FN1    149.17950    145.24500     -0.11582      0.72935
FN1    142.39950    144.78000     -0.13641      0.54126
FN1    139.60950    144.55500     -0.16290      0.45126
FN1    143.76450    142.44000     -0.13642      0.53334
FN1    145.08450    141.93000     -0.10710      0.64660
FN1    151.20450    142.06500     -0.14073      0.60155
FN1    142.90950    141.63000     -0.13277      0.52926
FN1    151.59450    141.18000     -0.17533      0.49218
FN1    145.86450    140.92500     -0.15330      0.49440
FN1    137.97450    139.65000     -0.14381      0.45500
FN1    150.79950    139.14000     -0.15352      0.52464
FN1    143.34450    136.83000      0.01083      1.00000
FN1    148.23450    136.75500     -0.10984      0.61837
FN1    142.63950    136.08000     -0.08409      0.64933
FN1    141.60450    135.66000     -0.14530      0.45393
FN1    141.39450    156.42000     -0.19385      0.49459
FN1    149.34450    135.19500     -0.12956      0.54863
FN1    146.55450    133.99500     -0.14872      0.46877
FN1    150.19950    133.69500     -0.08803      0.71052
FN1    147.79950    133.75500     -0.14291      0.48976
FN1    141.24450    133.45500     -0.12208      0.49571
FN1    147.64950    132.27000     -0.11597      0.55478
FN1    149.11950    131.88000     -0.13785      0.50239
FS1   -140.32950    158.16000      0.04637      1.00000
FS1   -142.90950    156.00000      0.06502      1.00000
FS1   -146.46450    155.02500      0.05659      1.00000
FS1   -145.62450    155.08500      0.01863      1.00000
FS1   -138.85950    154.87500      0.07810      1.00000
FS1   -139.56450    154.53000      0.09058      1.00000
FS1   -138.03450    154.21500      0.03791      1.00000
FS1   -147.27450    153.72000      0.05438      1.00000
FS1   -144.91950    153.52500      0.05126      1.00000
FS1   -141.45450    154.11000      0.06856      1.00000
FS1   -151.72950    153.40500      0.05096      1.00000
FS1   -137.71950    152.98500      0.05813      1.00000
FS1   -140.11950    152.67000      0.04647      1.00000
FS1   -151.95450    152.59500      0.06024      1.00000
FS1   -151.14450    152.28000      0.05926      1.00000
FS1   -149.19450    151.72500      0.04095      1.00000
FS1   -138.31950    151.75500      0.07175      1.00000
FS1   -144.66450    150.36000      0.06316      1.00000
FS1   -142.36950    149.35500      0.05637      1.00000
FS1   -151.30950    149.26500      0.05916      1.00000
FS1   -145.80450    148.92000      0.06152      1.00000
FS1   -144.72450    148.66500      0.07263      1.00000
FS1   -150.03450    148.39500      0.03607      1.00000
FS1   -138.75450    148.06500      0.07530      1.00000
FS1   -148.90950    147.90000      0.04993      1.00000
FS1   -141.28950    147.69000      0.07140      1.00000
FS1   -143.46450    146.65500      0.14447      1.00000
FS1   -145.21950    147.04500      0.09744      1.00000
FS1   -144.34950    146.49000      0.06738      1.00000
FS1   -142.15950    145.42500      0.11699      1.00000
FS1   -149.02950    145.42500      0.07608      1.00000
FS1   -145.57950    157.95000      0.05768      1.00000
FS1   -139.06950    144.79500      0.07894      1.00000
FS1   -147.40950    144.49500      0.07280      1.00000
FS1   -141.12450    144.03000      0.06554      1.00000
FS1   -143.29950    142.53000      0.08653      1.00000
FS1   -149.94450    142.36500      0.07417      1.00000
FS1   -139.50450    141.66000      0.06752      1.00000
FS1   -149.50950    141.37500      0.06140      1.00000
FS1   -147.49950    141.22500      0.06273      1.00000
FS1   -151.14450    156.97500      0.06144      1.00000
FS1   -143.98950    141.10500      0.07641      1.00000
FS1   -138.52950    141.45000      0.14918      1.00000
FS1   -146.04450    140.85000      0.06552      1.00000
FS1   -145.11450    156.49500      0.08955      1.00000
FS1   -146.77950    156.43500      0.07278      1.00000
FS1   -150.82950    140.02500      0.08598      1.00000
FS1   -138.96450    139.75500      0.06054      1.00000
FS1   -149.01450    139.65000     -0.01620      1.00000
FS1   -141.36450    139.53000      0.05229      1.00000
FS1   -149.46450    138.45000      0.06099      1.00000
FS1   -150.76950    137.35500      0.06513      1.00000
FS1   -143.55450    137.32500      0.05187      1.00000
FS1   -142.11450    136.93500      0.08076      1.00000
FS1   -144.24450    136.84500      0.17655      0.97827
FS1   -151.20450    136.54500      0.13176      1.00000
FS1   -144.99450    136.24500      0.08921      1.00000
FS1   -146.44950    136.24500      0.08520      1.00000
FS1   -149.70450    135.75000      0.11875      1.00000
FS1   -146.53950    135.45000      0.07816      1.00000
FS1   -147.64950    135.27000      0.10240      1.00000
FS1   -149.38950    134.98500      0.06619      1.00000
FS1   -151.39950    134.77500      0.16249      0.95272
FS1   -142.53450    134.71500      0.14193      1.00000
FS1   -139.48950    134.47500      0.07791      1.00000
FS1   -145.18950    133.98000      0.05051      1.00000
FS1   -146.19450    134.20500      0.11745      1.00000
FS1   -150.66450    134.13000      0.10004      1.00000
FS1   -137.92950    133.95000      0.08220      1.00000
FS1   -146.97450    133.51500      0.06454      1.00000
FS1   -139.53450    132.78000      0.05833      1.00000
FS1   -145.06950    132.75000      0.17185      1.00000
FS1   -147.07950    132.46500      0.07272      1.00000
FS1   -147.82950    132.16500      0.08101      1.00000
FS1   -148.51950    131.91000      0.07412      1.00000
FS1   -141.36450    131.95500      0.07079      1.00000
FS1   -138.84450    131.44500      0.07171      1.00000
FS1   -146.97450    131.29500      0.07139      1.00000
FS1   -143.08950    130.80000      0.08124      1.00000
FS1   -137.77950    158.19000      0.02826      1.00000
FS1   -140.28450    130.20000      0.06167      1.00000
FS1   -139.45950    156.09000     -0.01247      1.00000
FS1   -144.43950    156.01500      0.06490      1.00000
FS1   -143.17950    155.83500      0.04055      1.00000
FS1   -137.68950    155.61000      0.04420      1.00000
FS1   -150.16950    155.40000      0.05463      1.00000
FS1   -141.87450    155.02500      0.10044      1.00000
FS1   -139.84950    155.05500      0.05216      1.00000
FS1   -143.25450    155.02500      0.02960      1.00000
FS1   -149.68950    154.56000      0.04715      1.00000
FS1   -145.21950    153.88500      0.04159      1.00000
FS1   -146.37450    153.61500      0.06817      1.00000
FS1   -138.72450    152.80500      0.05491      1.00000
FS1   -150.49950    153.01500      0.03461      1.00000
FS1   -140.08950    152.59500      0.05218      1.00000
FS1   -149.10450    152.76000      0.04442      1.00000
FS1   -142.93950    152.64000      0.05280      1.00000
FS1   -146.04450    151.93500      0.01483      1.00000
FS1   -142.12950    151.59000      0.05741      1.00000
FS1   -149.08950    151.11000      0.05747      1.00000
FS1   -147.31950    150.64500      0.04708      1.00000
FS1   -139.75950    150.40500      0.06576      1.00000
FS1   -141.16950    150.88500      0.06861      1.00000
FS1   -148.08450    149.80500      0.04939      1.00000
FS1   -144.67950    149.86500      0.08102      1.00000
FS1   -148.84950    149.53500      0.04710      1.00000
FS1   -141.07950    149.55000      0.07399      1.00000
FS1   -150.13950    149.26500      0.04653      1.00000
FS1   -148.53450    148.32000      0.05410      1.00000
FS1   -142.15950    147.58500      0.10048      1.00000
FS1   -149.73450    146.31000      0.04386      1.00000
FS1   -143.35950    145.66500      0.07489      1.00000
FS1   -139.03950    145.00500      0.06007      1.00000
FS1   -138.13950    144.93000      0.06452      1.00000
FS1   -148.93950    157.75500      0.04424      1.00000
FS1   -137.74950    157.74000      0.08133      1.00000
FS1   -142.74450    144.18000      0.08104      1.00000
FS1   -150.16950    143.34000      0.03884      1.00000
FS1   -139.74450    142.74000      0.04667      1.00000
FS1   -138.15450    142.20000      0.06783      1.00000
FS1   -147.09450    142.50000      0.03401      1.00000
FS1   -148.02450    142.96500      0.06021      1.00000
FS1   -144.39450    141.34500      0.03479      1.00000
FS1   -145.50450    157.09500      0.05467      1.00000
FS1   -147.48450    140.31000      0.05549      1.00000
FS1   -137.82450    139.80000      0.04857      1.00000
FS1   -140.37450    139.75500      0.05562      1.00000
FS1   -145.63950    139.56000      0.06066      1.00000
FS1   -151.38450    156.96000      0.03507      1.00000
FS1   -144.09450    139.05000      0.07560      1.00000
FS1   -151.20450    138.57000      0.06413      1.00000
FS1   -145.15950    138.09000      0.07707      1.00000
FS1   -146.82450    138.03000      0.07400      1.00000
FS1   -149.53950    156.87000     -0.00932      1.00000
FS1   -142.95450    137.59500      0.08350      1.00000
FS1   -139.56450    137.52000      0.07019      1.00000
FS1   -141.78450    156.60000      0.10441      0.95214
FS1   -138.90450    136.48500      0.10803      1.00000
FS1   -139.60950    136.15500      0.08431      1.00000
FS1   -141.49950    135.72000      0.08321      1.00000
FS1   -146.52450    136.62000      0.06537      1.00000
FS1   -147.31950    135.31500      0.14931      1.00000
FS1   -144.97950    135.12000      0.06355      1.00000
FS1   -151.78950    135.00000      0.05724      1.00000
FS1   -137.77950    134.59500      0.07149      1.00000
FS1   -140.16450    134.26500      0.04879      1.00000
FS1   -152.01450    134.19000      0.05290      1.00000
FS1   -151.18950    133.87500      0.04447      1.00000
FS1   -149.23950    133.33500      0.05159      1.00000
FS1   -138.36450    133.36500      0.06814      1.00000
FS1   -141.48450    132.87000      0.11555      1.00000
FS1   -144.70950    131.95500      0.06532      1.00000
FS1   -137.86950    156.54000      0.06210      1.00000
FS1   -142.39950    130.95000      0.04492      1.00000
FS1   -151.35450    130.86000      0.04716      1.00000
FS1   -145.84950    130.53000      0.04893      1.00000
FS1   -144.76950    130.26000      0.09117      1.00000
FS1   -150.07950    130.00500      0.02696      1.00000
FS1   -138.79950    129.67500      0.06724      1.00000
FS1   -148.95450    129.49500      0.04837      1.00000
FS2   -179.71050    124.37000     -0.19368      1.00000
FS2   -183.73050    124.25000     -0.18381      1.00000
FS2   -173.38050    123.00500     -0.17247      1.00000
FS2   -181.25550    122.78000     -0.19611      1.00000
FS2   -179.96550    122.13500     -0.16682      1.00000
FS2   -174.32550    121.59500     -0.15736      1.00000
FS2   -181.12050    120.59000     -0.12064      1.00000
FS2   -178.57050    119.40500     -0.17590      1.00000
FS2   -176.54550    118.98500     -0.10164      1.00000
FS2   -183.46050    118.55000     -0.18718      1.00000
FS2   -178.73550    117.99500     -0.16939      1.00000
FS2   -176.54550    117.78500     -0.15694      1.00000
FS2   -177.22050    116.51000     -0.18556      0.88479
FS2   -185.66550    116.28500     -0.14623      1.00000
FS2   -177.73050    114.80000     -0.19499      0.80478
FS2   -172.49550    114.65000     -0.15395      0.94380
FS2   -183.40050    115.98500     -0.16411      1.00000
FS2   -184.66050    114.06500     -0.17332      1.00000
FS2   -175.85550    114.06500     -0.00858      1.00000
FS2   -185.51550    113.33000     -0.22200      0.81474
FS2   -171.91050    113.18000     -0.15068      0.92365
FS2   -171.65550    111.71000     -0.16252      0.81535
FS2   -179.03550    111.65000     -0.18596      0.83245
FS2   -177.20550    111.72500     -0.19509      0.74545
FS2   -184.96050    111.09500     -0.15776      1.00000
FS2   -173.00550    110.85500     -0.13553      1.00000
FS2   -177.95550    110.69000     -0.17941      0.83057
FS2   -176.72550    109.82000     -0.13284      1.00000
FS2   -182.77050    109.52000     -0.17209      0.99668
FS2   -180.59550    109.28000     -0.12818      1.00000
FS2   -172.12050    108.29000     -0.11237      1.00000
FS2   -180.65550    107.57000     -0.17857      0.84601
FS2   -172.39050    107.40500     -0.15830      0.79705
FS2   -185.42550    105.87500     -0.16322      1.00000
FS2   -181.06050    106.11500     -0.12127      1.00000
FS2   -175.06050    125.46500     -0.16455      1.00000
FS2   -176.63550    105.12500     -0.10872      1.00000
FS2   -185.21550    125.28500     -0.17977      1.00000
FS2   -183.94050    102.99500     -0.13098      1.00000
FS2   -172.61550    102.78500     -0.15756      0.75730
FS2   -176.59050    102.62000     -0.14189      0.92389
FS2   -173.62050    102.72500     -0.05092      1.00000
FS2   -181.30050    102.48500     -0.19828      0.69194
FS2   -181.61550    101.75000     -0.13619      1.00000
FS2   -183.35550    101.61500     -0.14626      1.00000
FS2   -184.94550    101.57000     -0.14593      1.00000
FS2   -179.62050    101.46500     -0.12405      1.00000
FS2   -180.76050    101.37500     -0.16144      0.86322
FS2   -175.33050    101.13500     -0.10327      1.00000
FS2   -180.55050    100.32500     -0.18033      0.74085
FS2   -183.83550    100.34000     -0.09552      1.00000
FS2   -174.05550    100.25000     -0.08103      1.00000
FS2   -179.66550     99.53000     -0.15392      0.86513
FS2   -181.48050     99.29000     -0.13565      1.00000
FS2   -173.74050     98.75000     -0.11956      0.98430
FS2   -173.23050    122.82500     -0.17601      0.85543
FS2   -185.53050    122.16500     -0.18839      1.00000
FS2   -176.44050    122.15000     -0.15269      1.00000
FS2   -174.08550    120.69500     -0.25293      0.50190
FS2   -177.25050    118.88000     -0.18902      0.79013
FS2   -180.43050    118.41500     -0.19615      0.82547
FS2   -176.14050    117.05000     -0.08875      1.00000
FS2   -174.47550    116.34500     -0.15555      0.89097
FS2   -172.13550    125.88500     -0.23274      0.59303
FS2   -172.58550    114.60500     -0.17975      0.67034
FS2   -175.52550    114.44000     -0.20944      0.59184
FS2   -173.68050    116.55500     -0.13711      1.00000
FS2   -173.60550    113.40500     -0.18336      0.65581
FS2   -176.26050    112.29500     -0.16618      0.78017
FS2   -183.86550    112.08500     -0.08466      1.00000
FS2   -179.09550    111.98000     -0.18029      0.75511
FS2   -176.51550    111.32000     -0.14722      0.90433
FS2   -177.11550    124.98500     -0.18033      1.00000
FS2   -177.56550    117.45500     -0.16722      0.92724
FS2   -174.41550    110.88500     -0.19501      0.59448
FS2   -179.32050    109.49000     -0.08194      1.00000
FS2   -174.25050    109.13000     -0.16549      0.69924
FS2   -184.16550    108.56000     -0.12385      1.00000
FS2   -181.85550    108.47000     -0.13381      1.00000
FS2   -179.77050    108.12500     -0.15476      0.87124
FS2   -174.35550    108.09500     -0.14971      0.77518
FS2   -181.07550    123.57500     -0.17008      1.00000
FS2   -175.07550    107.01500     -0.15464      0.74542
FS2   -185.23050    106.83500     -0.13968      1.00000
FS2   -183.38550    106.76000     -0.13409      1.00000
FS2   -179.71050    105.93500     -0.12855      1.00000
FS2   -183.74550    105.80000     -0.15034      0.98832
FS2   -173.38050    104.57000     -0.13372      0.81062
FS2   -181.25550    104.34500     -0.13939      0.96777
FS2   -179.98050    103.68500     -0.12344      1.00000
FS2   -174.32550    103.16000     -0.13035      0.83471
FS2   -184.72050    102.77000     -0.19275      0.67195
FS2   -181.13550    102.17000     -0.08259      1.00000
FS2   -178.57050    100.97000     -0.14028      0.82657
FS2   -176.54550    100.56500     -0.04203      1.00000
FS2   -183.46050    100.11500     -0.11836      1.00000
FS2   -178.73550     99.54500     -0.10941      1.00000
FS2   -176.54550     99.35000     -0.10891      1.00000
FS2   -177.22050     98.07500     -0.15666      0.67980
FS2   -185.66550     97.88000     -0.03486      1.00000
FS3   -211.92150     29.84000      0.06232      1.00000
FS3   -207.15150     29.30000      0.03876      1.00000
FS3   -216.40650     29.24000      0.04692      1.00000
FS3   -211.63650     29.07500      0.05689      1.00000
FS3   -215.35650     28.73000      0.08234      1.00000
FS3   -217.99650     27.89000      0.06540      1.00000
FS3   -209.25150     27.62000      0.13220      0.86230
FS3   -212.35650     27.42500      0.05529      1.00000
FS3   -218.85150     26.39000      0.05623      1.00000
FS3   -215.91150     25.74500      0.05983      1.00000
FS3   -219.70650     25.50500      0.04787      1.00000
FS3   -215.41650     24.80000      0.05997      1.00000
FS3   -217.72650     25.05500      0.06497      1.00000
FS3   -218.98650     24.98000      0.07939      1.00000
FS3   -209.80650     23.94500      0.05406      1.00000
FS3   -208.48650     23.73500      0.05292      1.00000
FS3   -213.00150     23.42000      0.06955      1.00000
FS3   -207.64650     23.03000      0.05483      1.00000
FS3   -212.02650     22.85000      0.06246      1.00000
FS3   -209.28150     22.41500      0.06066      1.00000
FS3   -212.32650     22.16000      0.06445      1.00000
FS3   -214.30650     21.86000      0.06167      1.00000
FS3   -211.15650     21.45500      0.05724      1.00000
FS3   -212.13150     18.35000      0.05884      1.00000
FS3   -210.19650     17.66000      0.06155      1.00000
FS3   -208.30650     17.54000      0.05047      1.00000
FS3   -212.49150     16.16000      0.05336      1.00000
FS3   -210.73650     15.87500      0.06783      1.00000
FS3   -217.63650     14.96000      0.05522      1.00000
FS3   -205.62150     14.88500      0.06090      1.00000
FS3   -210.13650     14.70500      0.04552      1.00000
FS3   -206.43150     14.16500      0.06933      1.00000
FS3   -211.54650     12.75500      0.05241      1.00000
FS3   -210.72150     12.29000      0.08939      1.00000
FS3   -215.59650     10.85000      0.02855      1.00000
FS3   -214.26150     10.62500      0.03886      1.00000
FS3   -216.82650     10.52000      0.04864      1.00000
FS3   -207.45150      9.96500      0.05646      1.00000
FS3   -212.95650     10.10000      0.04854      1.00000
FS3   -209.47650     10.02500      0.03713      1.00000
FS3   -210.12150      8.78000      0.04927      1.00000
FS3   -213.63150      8.49500      0.06269      1.00000
FS3   -218.61150      8.15000      0.04582      1.00000
FS3   -216.19650      8.04500      0.04773      1.00000
FS3   -212.58150      7.94000      0.04795      1.00000
FS3   -206.61150      7.68500      0.07427      1.00000
FS3   -209.14650      7.10000      0.05908      1.00000
FS3   -211.90650      6.80000      0.05605      1.00000
FS3   -214.23150      6.24500      0.07135      1.00000
FS3   -216.28650      5.97500      0.06936      1.00000
FS3   -207.00150      4.86500      0.03964      1.00000
FS3   -216.57150      4.76000      0.04912      1.00000
FS3   -217.86150      3.60500      0.04572      1.00000
FS3   -219.19650      2.34500      0.04153      1.00000
FS3   -208.95150      2.21000      0.03591      1.00000
FS3   -212.08650     29.25500      0.03926      1.00000
FS3   -211.95150     28.55000      0.05474      1.00000
FS3   -212.79150     28.28000      0.04935      1.00000
FS3   -216.33150     27.89000      0.17557      0.53287
FS3   -211.23150     26.91500      0.03874      1.00000
FS3   -216.88650     26.76500      0.03562      1.00000
FS3   -214.93650     25.59500      0.04597      1.00000
FS3   -207.97650     25.64000      0.04186      1.00000
FS3   -216.18150     25.17500      0.07804      1.00000
FS3   -212.68650     24.71000      0.05211      1.00000
FS3   -210.81150     24.39500      0.05120      1.00000
FS3   -217.86150     24.32000      0.02462      1.00000
FS3   -207.82650     24.15500      0.05147      1.00000
FS3   -208.96650     23.87000      0.05416      1.00000
FS3   -211.60650     21.36500      0.03153      1.00000
FS3   -218.67150     20.88500      0.04470      1.00000
FS3   -206.92650     19.13000      0.06009      1.00000
FS3   -211.80150     18.50000      0.02169      1.00000
FS3   -215.07150     17.81000      0.04946      1.00000
FS3   -212.91150     17.75000      0.03614      1.00000
FS3   -212.19150     17.70500      0.04451      1.00000
FS3   -215.89650     17.51000      0.12714      0.74696
FS3   -210.13650     17.28500      0.09088      1.00000
FS3   -209.80650     16.34000      0.03486      1.00000
FS3   -219.64650     15.66500      0.04313      1.00000
FS3   -206.95650     15.21500      0.04273      1.00000
FS3   -214.23150     15.21500      0.04570      1.00000
FS3   -209.17650     15.41000      0.06219      1.00000
FS3   -215.76150     16.13000      0.03168      1.00000
FS3   -211.68150     14.79500      0.03128      1.00000
FS3   -207.09150     14.19500      0.04018      1.00000
FS3   -210.36150     13.85000      0.05942      1.00000
FS3   -213.22650     13.56500      0.01026      1.00000
FS3   -209.23650     13.31000      0.00385      1.00000
FS3   -205.93650     12.92000      0.05320      1.00000
FS3   -214.84650     12.83000      0.02602      1.00000
FS3   -210.10650     12.81500      0.05530      1.00000
FS3   -211.89150     11.40500      0.05104      1.00000
FS3   -207.45150     30.23000      0.03085      1.00000
FS3   -216.37650     10.80500      0.01643      1.00000
FS3   -211.60650     10.64000      0.04519      1.00000
FS3   -215.31150     10.28000      0.07403      1.00000
FS3   -217.96650      9.44000      0.04484      1.00000
FS3   -209.22150      9.18500      0.10011      0.98532
FS3   -212.31150      8.99000      0.04606      1.00000
FS3   -210.19650     29.91500      0.03075      1.00000
FS3   -207.45150      8.09000      0.03543      1.00000
FS3   -219.76650      7.92500      0.04844      1.00000
FS3   -218.80650      7.94000      0.04983      1.00000
FS3   -215.86650      7.31000      0.03456      1.00000
FS3   -219.67650      7.05500      0.02330      1.00000
FS3   -217.69650      6.60500      0.02898      1.00000
FS3   -215.37150      6.36500      0.03697      1.00000
FS3   -218.95650      6.53000      0.05908      1.00000
FS3   -209.76150      5.51000      0.05047      1.00000
FS3   -208.45650      5.30000      0.04428      1.00000
FS3   -212.95650      4.98500      0.06649      1.00000
FS3   -207.61650      4.59500      0.06117      1.00000
FS3   -211.98150      4.40000      0.06097      1.00000
FS3   -210.46650      4.35500      0.03604      1.00000
FS3   -209.23650      3.98000      0.05297      1.00000
FS3   -212.28150      3.72500      0.05831      1.00000
FS3   -214.27650      3.41000      0.06391      1.00000
FS3   -211.11150      3.00500      0.06856      1.00000
FS3   -210.13650      2.36000      0.06906      1.00000
FS4   -216.97650    -30.23000      0.18076      0.72634
FS4   -210.90150    -30.92000     -0.04457      1.00000
FS4   -216.25650     -5.25500     -0.02939      1.00000
FS4   -205.62150     -5.52500     -0.07014      1.00000
FS4   -219.57150     -6.11000      0.03667      1.00000
FS4   -210.49650     -6.11000     -0.03451      1.00000
FS4   -215.41650     -6.18500     -0.03924      1.00000
FS4   -217.24650     -7.05500     -0.10752      1.00000
FS4   -205.27650     -7.04000     -0.01603      1.00000
FS4   -219.31650     -7.20500     -0.05831      1.00000
FS4   -219.67650     -7.91000     -0.07515      1.00000
FS4   -207.99150     -8.75000      0.18410      0.62678
FS4   -211.32150     -8.99000     -0.05286      1.00000
FS4   -206.43150     -9.09500     -0.07336      1.00000
FS4   -208.83150     -9.72500      0.03696      1.00000
FS4   -211.86150     -9.62000     -0.04999      1.00000
FS4   -215.38650     -9.89000      0.07254      1.00000
FS4   -209.65650    -10.25000      0.06962      1.00000
FS4   -208.14150    -11.55500     -0.08375      1.00000
FS4   -217.30650    -12.24500     -0.00615      1.00000
FS4   -207.12150    -12.50000      0.00735      1.00000
FS4   -212.29650    -12.56000     -0.08580      1.00000
FS4   -217.27650    -15.14000     -0.00584      1.00000
FS4   -218.95650    -15.92000     -0.03702      1.00000
FS4   -210.15150    -16.20500      0.01134      1.00000
FS4   -216.63150    -15.90500      0.03797      1.00000
FS4   -212.58150    -16.49000     -0.01517      1.00000
FS4   -207.24150    -16.98500     -0.04354      1.00000
FS4   -217.20150    -17.19500     -0.07264      1.00000
FS4   -208.03650    -17.46500      0.01647      1.00000
FS4   -205.83150    -18.30500     -0.05478      1.00000
FS4   -214.06650    -19.59500     -0.11804      0.87303
FS4   -212.31150    -19.68500     -0.07016      1.00000
FS4   -208.17150     -2.96000     -0.03663      1.00000
FS4   -210.75150    -20.82500     -0.04112      1.00000
FS4   -208.50150    -21.05000     -0.00497      1.00000
FS4   -210.01650     -3.26000     -0.00035      1.00000
FS4   -214.69650    -23.28500      0.00676      1.00000
FS4   -206.35650     -3.59000      0.00857      1.00000
FS4   -218.05650    -23.70500     -0.02051      1.00000
FS4   -217.44150     -3.74000     -0.01888      1.00000
FS4   -208.57650    -25.68500      0.13891      0.88513
FS4   -214.93650    -26.00000     -0.06839      1.00000
FS4   -208.39650    -26.64500      0.01246      1.00000
FS4   -216.72150    -27.45500      0.15558      0.84663
FS4   -205.53150    -27.24500      0.12031      1.00000
FS4   -208.84650    -27.54500     -0.00698      1.00000
FS4   -219.30150    -27.86000      0.03210      1.00000
FS4   -210.36150    -28.32500     -0.00313      1.00000
FS4   -206.83650    -28.44500      0.03117      1.00000
FS4   -217.93650    -29.31500      0.02230      1.00000
FS4   -211.20150    -29.82500     -0.02100      1.00000
FS4   -210.37650    -30.00500     -0.05197      1.00000
FS4   -214.09650    -30.33500     -0.00296      1.00000
FS4   -206.82150     -4.46000     -0.02593      1.00000
FS4   -212.34150     -4.94000     -0.01862      1.00000
FS4   -217.26150    -30.69500      0.00128      1.00000
FS4   -207.06150    -30.95000     -0.00988      1.00000
FS4   -212.23650    -31.01000     -0.03666      1.00000
FS4   -210.79650     -5.79500      0.04739      1.00000
FS4   -215.67150     -7.23500     -0.04943      1.00000
FS4   -214.32150     -7.46000     -0.04443      1.00000
FS4   -216.90150     -7.56500     -0.06260      1.00000
FS4   -213.03150     -7.98500     -0.04196      1.00000
FS4   -207.54150     -8.10500      0.13298      0.74986
FS4   -209.55150     -8.06000     -0.10835      0.87807
FS4   -212.55150     -8.69000     -0.09630      0.97147
FS4   -208.65150     -8.82500     -0.06934      1.00000
FS4   -213.70650     -9.59000      0.01945      1.00000
FS4   -218.70150     -9.95000      0.01773      1.00000
FS4   -216.28650    -10.04000      0.13089      0.78872
FS4   -212.64150    -10.14500     -0.02463      1.00000
FS4   -206.67150    -10.38500     -0.08212      1.00000
FS4   -209.22150    -10.97000     -0.02397      1.00000
FS4   -214.29150    -11.82500      0.04002      1.00000
FS4   -216.36150    -12.11000     -0.06114      1.00000
FS4   -214.83150    -12.92000     -0.09129      0.98499
FS4   -216.64650    -13.32500     -0.12343      0.73645
FS4   -217.74150     -3.12500      0.09870      1.00000
FS4   -205.69650     -3.17000     -0.03326      1.00000
FS4   -210.22650     -3.36500      0.13409      0.73760
FS4   -219.27150    -15.75500     -0.05195      1.00000
FS4   -208.96650    -15.90500     -0.00609      1.00000
FS4   -205.98150    -16.20500      0.00603      1.00000
FS4   -205.32150    -17.04500      0.01903      1.00000
FS4   -208.35150    -18.00500     -0.08188      1.00000
FS4   -216.46650     -3.92000     -0.14353      0.66920
FS4   -215.46150    -18.60500     -0.04927      1.00000
FS4   -217.92150    -18.08000     -0.07021      1.00000
FS4   -216.28650    -18.21500      0.01942      1.00000
FS4   -208.75650    -19.26500     -0.04881      1.00000
FS4   -211.87650    -19.85000     -0.01751      1.00000
FS4   -210.45150    -20.36000     -0.02898      1.00000
FS4   -208.12650    -21.41000     -0.05774      1.00000
FS4   -209.95650    -21.71000     -0.00389      1.00000
FS4   -206.29650    -22.04000     -0.00573      1.00000
FS4   -217.39650    -22.20500     -0.01206      1.00000
FS4   -206.77650    -22.91000     -0.01175      1.00000
FS4   -212.29650    -23.40500     -0.03052      1.00000
FS4   -216.21150    -23.72000     -0.00669      1.00000
FS4   -205.57650    -23.97500     -0.05631      1.00000
FS4   -219.51150    -24.57500      0.05189      1.00000
FS4   -210.45150    -24.56000     -0.02357      1.00000
FS4   -215.37150    -24.65000     -0.02437      1.00000
FS4   -217.18650    -25.52000     -0.08691      0.91357
FS4   -219.27150    -25.67000     -0.03938      1.00000
FS4   -207.93150    -27.20000      0.12764      0.83647
FS4   -211.26150    -27.45500     -0.08532      0.97976
FS4   -206.38650    -27.54500     -0.00768      1.00000
FS4   -211.81650    -28.07000     -0.03990      1.00000
FS4   -208.78650    -28.17500      0.09089      1.00000
FS4   -215.31150    -28.35500      0.06863      1.00000
FS4   -205.26150    -28.53500      0.11561      0.91295
FS4   -209.59650    -28.71500      0.09302      1.00000
FS4   -208.09650    -30.00500     -0.05203      1.00000
FS4   -211.62150     -5.33000      0.05434      1.00000
