FN4    220.32150     -3.99500      0.03284      1.00000
FN4    215.83650     -4.50500      0.05824      1.00000
FN4    214.48650     -6.71000      0.06142      1.00000
FN4    209.14650     -8.09000      0.03083      1.00000
FN4    216.25650    -11.34500      0.03329      1.00000
FN4    208.96650    -13.38500      0.05188      1.00000
FN4    213.93150    -13.46000      0.04974      1.00000
FN4    212.95650    -14.39000      0.07248      1.00000
FN4    208.20150    -14.88500      0.04541      1.00000
FN4    207.75150     -2.40500      0.04253      1.00000
FN4    209.59650    -17.51000      0.06878      1.00000
FN4    223.33650     -2.78000      0.05751      1.00000
FN4    209.71650    -19.46000      0.07272      1.00000
FN4    208.63650    -20.01500      0.05371      1.00000
FN4    218.86650    -24.08000      0.05132      1.00000
FN4    218.08650    -24.84500      0.04422      1.00000
FN4    220.69650    -25.59500      0.04513      1.00000
FN4    207.90150    -28.70000      0.03922      1.00000
FN4    221.56650    -29.70500      0.05474      1.00000
FN4    211.21650    -30.15500      0.03888      1.00000
FN4    210.24150     -3.06500      0.04734      1.00000
FN4    221.74650     -6.60500      0.06692      1.00000
FN4    214.02150     -7.52000      0.09161      1.00000
FN4    209.86650     -8.37500      0.04811      1.00000
FN4    210.03150    -13.65500      0.05030      1.00000
FN4    211.56150    -14.09000      0.04162      1.00000
FN4    210.96150     -4.85000      0.07539      1.00000
FN4    206.59650    -18.18500      0.04567      1.00000
FN4    205.48650    -18.39500      0.05530      1.00000
FN4    220.71150    -18.84500      0.02721      1.00000
FN4    218.32650    -19.29500      0.05680      1.00000
FN4    219.27150    -19.76000      0.04679      1.00000
FN4    207.81150    -20.42000      0.04944      1.00000
FN4    210.30150    -21.08000      0.04404      1.00000
FN4    208.32150    -22.46000      0.03929      1.00000
FN4    211.35150    -23.30000      0.04415      1.00000
FN4    213.52650    -23.40500      0.05658      1.00000
FN4    209.22150    -26.10500      0.06461      1.00000
FN4    216.33150    -29.36000      0.04377      1.00000
FN4    205.47150    -29.52500      0.05024      1.00000
FN4    205.50150     -4.94000      0.04601      1.00000
FN4    209.83650    -30.80000      0.03959      1.00000
FN4    208.00650     -6.92000      0.05827      1.00000
FN4    206.43150     -7.34000      0.03666      1.00000
FN4    215.58150     -7.67000      0.04788      1.00000
FN4    211.99650     -8.42000      0.04366      1.00000
FN4    207.19650     -9.44000      0.03899      1.00000
FN4    210.39150    -14.00000      0.03513      1.00000
FN4    218.65650     -2.75000      0.02181      1.00000
FN4    216.81150     -4.29500      0.01116      1.00000
FN4    220.86150    -15.74000      0.02495      1.00000
FN4    207.49650    -17.61500      0.01977      1.00000
FN4    222.07650    -17.99000      0.04799      1.00000
FN4    212.41650    -17.52500      0.06424      1.00000
FN4    222.58650    -20.04500      0.03671      1.00000
FN4    215.16150    -20.51000      0.05268      1.00000
FN4    217.65150    -21.95000      0.04374      1.00000
FN4    211.33650    -23.12000      0.03905      1.00000
FN4    208.02150    -23.40500      0.04739      1.00000
FN4    206.11650    -28.16000      0.05440      1.00000
FN4    217.44150    -28.37000      0.03666      1.00000
FN4    205.45650    -30.11000      0.03611      1.00000
FN4    207.96150     -7.19000      0.03555      1.00000
FN4    206.05650    -11.94500      0.03020      1.00000
FN4    217.36650    -12.15500      0.02984      1.00000
FN4    219.34650    -12.20000      0.06001      1.00000
FN4    222.46650    -14.28500      0.05052      1.00000
FN4    209.76150    -14.58500      0.03778      1.00000
FN4    206.37150    -15.11000      0.02674      1.00000
FN4    222.52650     -3.83000      0.03931      1.00000
FN4    220.86150    -15.83000      0.05079      1.00000
FN4    206.28150    -16.44500      0.05130      1.00000
FN4    215.11650     -4.31000      0.02170      1.00000
FN4    218.52150    -17.25500      0.04903      1.00000
FN4    213.64650    -17.36000      0.04108      1.00000
FN4    219.12150    -18.05000      0.04967      1.00000
FN4    221.52150    -18.92000      0.05127      1.00000
FN4    222.91650    -19.40000      0.04648      1.00000
FN4    215.38650    -21.14000      0.04854      1.00000
FN4    220.80150    -21.17000      0.05030      1.00000
FN4    206.94150    -21.87500      0.04622      1.00000
FN4    210.69150    -21.99500      0.04486      1.00000
FN4    207.67650    -22.65500      0.04050      1.00000
FN4    214.27650    -23.45000      0.04338      1.00000
FN4    211.75650    -27.71000      0.04401      1.00000
FN4    211.65150    -29.06000      0.04998      1.00000
FN4    218.46150    -29.72000      0.05005      1.00000
FN4    206.04150    -29.85500      0.03312      1.00000
FN4    217.59150     -5.75000      0.03929      1.00000
FN3    211.54650     27.50000     -0.03974      1.00000
FN3    214.12650     26.69000     -0.04467      1.00000
FN3    211.27650     25.91000     -0.05223      1.00000
FN3    208.93650     21.11000     -0.02828      1.00000
FN3    211.65150     21.06500     -0.02993      1.00000
FN3    217.05150     20.37500     -0.03210      1.00000
FN3    218.17650     17.93000     -0.02652      1.00000
FN3    222.33150     17.75000     -0.02726      1.00000
FN3    221.49150     17.42000     -0.02696      1.00000
FN3    217.54650     29.15000     -0.05614      1.00000
FN3    206.19150     14.82500     -0.04115      1.00000
FN3    211.02150     12.84500     -0.00651      1.00000
FN3    205.56150     12.77000     -0.02536      1.00000
FN3    218.07150     28.29500     -0.04857      1.00000
FN3    213.49650      9.42500      0.03692      1.00000
FN3    212.17650      8.54000     -0.01424      1.00000
FN3    210.09150      4.04000      0.02800      1.00000
FN3    211.62150      3.62000      0.04319      1.00000
FN3    215.95650      3.42500     -0.03476      1.00000
FN3    213.99150     30.26000     -0.03726      1.00000
FN3    208.81650     30.18500     -0.01195      1.00000
FN3    206.94150     27.89000     -0.02699      1.00000
FN3    208.65150     27.80000     -0.03497      1.00000
FN3    211.77150     27.26000     -0.05202      1.00000
FN3    210.52650     26.91500     -0.03967      1.00000
FN3    209.26650     26.28500     -0.02739      1.00000
FN3    213.33150     26.13500     -0.03556      1.00000
FN3    218.97150     25.79000     -0.04322      1.00000
FN3    207.30150     25.76000     -0.02822      1.00000
FN3    215.89650     23.49500     -0.02422      1.00000
FN3    217.90650     23.25500     -0.04669      1.00000
FN3    206.65650     22.76000     -0.02327      1.00000
FN3    215.34150     22.25000      0.02463      1.00000
FN3    216.58650     22.95500     -0.03624      1.00000
FN3    211.98150     21.72500     -0.03123      1.00000
FN3    207.97650     20.72000     -0.02461      1.00000
FN3    209.95650     20.43500     -0.03132      1.00000
FN3    216.04650     19.92500     -0.01789      1.00000
FN3    213.07650     19.44500     -0.05180      1.00000
FN3    218.38650     17.81000     -0.02728      1.00000
FN3    217.68150     16.82000     -0.02026      1.00000
FN3    212.01150     16.04000     -0.05716      1.00000
FN3    209.05650     16.05500      0.01027      1.00000
FN3    221.16150     15.62000     -0.02065      1.00000
FN3    206.34150     13.49000     -0.03490      1.00000
FN3    217.57650     11.12000     -0.00409      1.00000
FN3    218.10150     10.28000      0.00243      1.00000
FN3    211.57650      9.47000     -0.00836      1.00000
FN3    208.50150      9.08000      0.02031      1.00000
FN3    214.15650      8.66000     -0.00149      1.00000
FN3    211.32150      7.88000     -0.02964      1.00000
FN3    218.10150      7.82000      0.03015      1.00000
FN3    219.31650      7.70000      0.01753      1.00000
FN3    210.79650      5.46500      0.03873      1.00000
FN3    208.96650      3.08000      0.00431      1.00000
FN3    211.68150      3.02000     -0.03795      1.00000
FN3    215.89650      2.96000      0.13943      1.00000
FN3    214.77150      2.88500      0.00696      1.00000
FN3    217.09650      2.37500      0.00674      1.00000
FN3    212.43150     29.82500     -0.08548      0.84490
FN3    205.68150     26.84000     -0.00305      1.00000
FN3    209.14650     26.67500     -0.03047      0.84791
FN3    209.74650     25.26500     -0.02128      1.00000
FN3    220.95150     25.19000     -0.05194      1.00000
FN3    210.37650     23.33000     -0.05900      1.00000
FN3    207.84150     22.55000     -0.01304      1.00000
FN3    218.73150     21.84500     -0.01609      1.00000
FN3    210.88650     20.88500     -0.03861      1.00000
FN3    212.07150     18.66500     -0.00144      1.00000
FN3    217.35150     17.51000      0.01945      1.00000
FN3    208.95150     17.60000      0.01763      1.00000
FN3    205.96650     16.16000     -0.01450      1.00000
FN3    220.63650     15.92000     -0.02127      1.00000
FN3    210.39150     15.78500     -0.00809      1.00000
FN3    210.22650     13.58000     -0.01053      1.00000
FN3    208.08150     13.19000      0.02137      1.00000
FN3    206.86650     11.94500      0.01855      1.00000
FN3    210.49650     10.11500      0.03155      1.00000
FN3    209.91150      7.34000     -0.00601      1.00000
FN3    210.36150      5.96000      0.00223      1.00000
FN3    216.73650      3.47000      0.08583      1.00000
FN3    213.06150     18.90500     -0.02436      0.72855
FN3    220.33650     18.75500      0.01702      1.00000
FN2    184.67550    122.69000     -0.04639      1.00000
FN2    183.04050    120.33500     -0.03034      1.00000
FN2    181.04550    119.49500     -0.05906      1.00000
FN2    178.06050    116.27000     -0.05222      1.00000
FN2    184.46550    115.52000     -0.05541      1.00000
FN2    179.02050    113.84000     -0.02162      1.00000
FN2    181.72050    113.60000     -0.01989      1.00000
FN2    186.80550    112.23500     -0.02612      1.00000
FN2    186.77550    110.70500     -0.02604      1.00000
FN2    176.87550    109.71500     -0.01081      1.00000
FN2    174.44550    109.65500     -0.00077      1.00000
FN2    182.17050    125.58500     -0.05604      1.00000
FN2    176.62050    108.63500     -0.01087      1.00000
FN2    176.21550    106.67000     -0.02140      1.00000
FN2    196.69050    106.65500     -0.05101      1.00000
FN2    172.30050    106.50500     -0.01712      1.00000
FN2    174.19050    104.16500      0.00359      1.00000
FN2    183.47550    102.87500     -0.02533      1.00000
FN2    171.91050    101.45000      0.00559      1.00000
FN2    193.39050    101.42000     -0.01463      1.00000
FN2    172.30050    100.85000     -0.00518      1.00000
FN2    190.61550    100.35500     -0.01181      1.00000
FN2    184.12050     98.96000     -0.00162      1.00000
FN2    194.65050     98.73500      0.00501      1.00000
FN2    175.09050    120.80000     -0.02276      1.00000
FN2    178.34550    120.44000     -0.03691      1.00000
FN2    185.47050    118.92500     -0.03947      1.00000
FN2    176.89050    116.46500     -0.03168      1.00000
FN2    183.37050    115.02500     -0.03357      1.00000
FN2    179.84550    114.12500     -0.04497      1.00000
FN2    192.70050    113.94500     -0.03176      1.00000
FN2    185.35050    113.69000     -0.03927      1.00000
FN2    183.47550    113.31500     -0.02371      1.00000
FN2    176.68050    112.91000     -0.00894      1.00000
FN2    183.07050    112.19000     -0.01227      1.00000
FN2    183.92550    111.89000     -0.02331      1.00000
FN2    174.44550    111.03500     -0.01286      1.00000
FN2    193.07550    110.93000     -0.05029      1.00000
FN2    176.38050    109.26500     -0.02268      1.00000
FN2    179.05050    109.25000     -0.01265      1.00000
FN2    177.31050    124.92500     -0.04196      1.00000
FN2    178.07550    108.35000     -0.02524      1.00000
FN2    188.38050    107.04500      0.00497      1.00000
FN2    187.37550    122.42000     -0.08293      1.00000
FN2    188.72550    106.28000     -0.01133      1.00000
FN2    186.20550    105.75500     -0.01948      1.00000
FN2    186.98550    105.56000     -0.01265      1.00000
FN2    188.21550    105.50000     -0.01127      1.00000
FN2    184.61550    104.64500     -0.01777      1.00000
FN2    181.66050    122.09000     -0.04943      1.00000
FN2    182.98050    102.29000      0.00471      1.00000
FN2    181.00050    101.45000     -0.01702      1.00000
FN2    183.01050    101.06000     -0.02021      1.00000
FN2    192.83550    100.19000      0.00213      1.00000
FN2    199.21050     98.45000     -0.06483      1.00000
FN2    193.79550     98.24000     -0.01615      1.00000
FN2    178.00050     98.22500     -0.03058      1.00000
FN2    186.91050    122.45000     -0.04031      1.00000
FN2    173.90550    120.87500     -0.00935      1.00000
FN2    178.52550    120.50000     -0.04219      1.00000
FN2    172.25550    120.47000     -0.03018      1.00000
FN2    187.19550    119.30000     -0.02620      1.00000
FN2    177.16050    117.21500     -0.00937      0.94739
FN2    183.85050    116.64500     -0.02507      1.00000
FN2    173.27550    116.33000     -0.00771      1.00000
FN2    191.62050    114.98000     -0.04314      1.00000
FN2    180.11550    114.27500     -0.01227      0.93564
FN2    173.35050    113.61500      0.01962      1.00000
FN2    188.72550    113.48000     -0.00559      0.85076
FN2    178.01550    113.48000      0.01848      0.73189
FN2    173.33550    112.49000     -0.00770      1.00000
FN2    190.66050    111.72500     -0.01900      1.00000
FN2    178.40550    124.74500     -0.01464      1.00000
FN2    177.67050    123.87500     -0.02934      1.00000
FN2    197.26050    104.73500     -0.03761      0.91198
FN2    195.26550    103.91000     -0.01210      0.83111
FN2    184.00050    103.68500     -0.00995      1.00000
FN2    197.27550    103.50500     -0.08241      1.00000
FN2    190.70550    100.89500     -0.00364      0.72649
FN2    192.29550    100.67000      0.01031      1.00000
FN2    187.91550     99.54500      0.01370      0.84358
FN2    196.55550     99.03500     -0.05185      1.00000
FN2    186.38550     98.58500     -0.00991      0.97551
FN2    193.24050     98.24000     -0.02103      1.00000
FN2    191.62050     98.10500      0.00774      1.00000
FN2    195.94050     98.04500     -0.00536      1.00000
FN2    180.53550    126.11000     -0.05070      0.84415
FN2    176.35050    122.67500      0.02485      0.84413
FN2    190.75050    117.12500     -0.06959      1.00000
FN2    172.51050    115.59500      0.05492      0.98409
FN2    174.92550    115.07000      0.00773      1.00000
FN2    175.99050    114.95000     -0.01399      0.76358
FN2    186.43050    114.81500     -0.01159      0.53329
FN2    184.01550    113.84000     -0.00306      0.67366
FN2    184.39050    112.47500      0.00163      0.87424
FN2    173.92050    111.66500     -0.02438      1.00000
FN2    179.71050    110.34500     -0.00088      0.84313
FN2    188.71050    110.28500     -0.01104      0.59123
FN2    190.90050    109.26500     -0.00963      1.00000
FN2    190.49550    107.30000      0.00600      1.00000
FN2    181.04550    107.09000      0.02139      1.00000
FN2    178.30050    106.41500     -0.01792      0.61909
FN2    184.60050    105.24500      0.00880      1.00000
FN2    191.47050    105.05000      0.00169      1.00000
FN2    188.47050    104.79500      0.02323      1.00000
FN2    186.59550    103.23500      0.02020      1.00000
FN2    178.48050    100.61000      0.00888      1.00000
FN2    188.66550     98.85500      0.01400      1.00000
FN2    178.16550     97.95500     -0.05769      1.00000
FN1    154.56450    154.20000     -0.18775      1.00000
FN1    150.72450    152.61000     -0.19453      1.00000
FN1    138.73950    151.45500     -0.19255      1.00000
FN1    162.87450    150.39000     -0.20719      1.00000
FN1    156.81450    149.59500     -0.19245      1.00000
FN1    161.76450    149.07000     -0.19787      1.00000
FN1    153.34950    147.88500     -0.19650      1.00000
FN1    146.79450    147.34500     -0.17278      1.00000
FN1    149.22450    147.18000     -0.15617      1.00000
FN1    159.33450    147.09000     -0.18026      1.00000
FN1    155.97450    146.64000     -0.15961      1.00000
FN1    141.84450    157.32000     -0.18614      1.00000
FN1    157.26450    143.98500     -0.16505      1.00000
FN1    140.50950    143.88000     -0.16533      1.00000
FN1    144.13950    156.96000     -0.18470      1.00000
FN1    144.63450    143.26500     -0.13720      1.00000
FN1    159.58950    156.54000     -0.22666      1.00000
FN1    160.72950    142.87500     -0.16448      1.00000
FN1    142.30950    142.65000     -0.15437      1.00000
FN1    139.03950    142.38000     -0.18093      1.00000
FN1    166.38450    141.97500     -0.18021      1.00000
FN1    156.42450    141.91500     -0.15957      1.00000
FN1    157.15950    141.82500     -0.14601      1.00000
FN1    152.14950    141.63000     -0.16396      1.00000
FN1    144.76950    141.46500     -0.12051      1.00000
FN1    153.85950    140.61000     -0.15089      1.00000
FN1    148.56450    140.55000     -0.16188      1.00000
FN1    164.23950    140.61000     -0.15762      1.00000
FN1    140.52450    140.49000     -0.17504      1.00000
FN1    143.61450    139.68000     -0.15237      1.00000
FN1    163.51950    139.74000     -0.15047      1.00000
FN1    146.07450    139.69500     -0.14608      1.00000
FN1    165.36450    138.96000     -0.16436      1.00000
FN1    149.82450    138.85500     -0.14834      1.00000
FN1    150.73950    137.25000     -0.15808      1.00000
FN1    159.70950    136.71000     -0.17607      1.00000
FN1    158.07450    136.33500     -0.13581      1.00000
FN1    143.41950    135.63000     -0.15877      1.00000
FN1    152.59950    135.19500     -0.14487      1.00000
FN1    153.33450    134.73000     -0.13725      1.00000
FN1    141.22950    134.04000     -0.18055      1.00000
FN1    162.99450    133.08000     -0.14648      1.00000
FN1    140.28450    132.66000     -0.17929      1.00000
FN1    163.60950    131.50500     -0.14246      1.00000
FN1    149.89950    130.09500     -0.15990      1.00000
FN1    156.70950    156.12000     -0.20036      1.00000
FN1    151.84950    155.35500     -0.20928      1.00000
FN1    140.04450    153.96000     -0.18807      1.00000
FN1    158.32950    153.85500     -0.21423      1.00000
FN1    148.92450    152.80500     -0.17598      1.00000
FN1    139.96950    152.05500     -0.18629      1.00000
FN1    150.39450    152.04000     -0.16419      1.00000
FN1    143.86950    151.66500     -0.19203      1.00000
FN1    142.48950    151.47000     -0.12422      1.00000
FN1    164.58450    150.28500     -0.23023      1.00000
FN1    146.11950    150.21000     -0.18510      1.00000
FN1    154.54950    149.59500     -0.20112      1.00000
FN1    157.03950    148.83000     -0.18953      1.00000
FN1    144.75450    148.62000     -0.19378      1.00000
FN1    142.06950    147.67500     -0.15683      1.00000
FN1    154.23450    147.06000     -0.17757      1.00000
FN1    162.37950    146.23500     -0.19709      1.00000
FN1    157.02450    146.16000     -0.17863      1.00000
FN1    158.37450    145.56000     -0.17927      1.00000
FN1    142.29450    144.96000     -0.18948      1.00000
FN1    146.73450    144.52500     -0.17176      1.00000
FN1    145.80450    144.07500     -0.18224      1.00000
FN1    160.26450    143.94000     -0.15676      1.00000
FN1    159.93450    142.89000     -0.17982      1.00000
FN1    147.66450    141.51000     -0.16726      1.00000
FN1    158.73450    141.43500     -0.17206      1.00000
FN1    153.99450    158.07000     -0.24724      1.00000
FN1    166.21950    141.00000     -0.18812      1.00000
FN1    144.03450    138.84000     -0.19282      1.00000
FN1    138.76950    138.33000     -0.13097      1.00000
FN1    153.22950    137.74500     -0.20991      1.00000
FN1    165.39450    137.26500     -0.14987      1.00000
FN1    154.47450    136.11000     -0.15228      1.00000
FN1    163.08450    133.90500     -0.16337      1.00000
FN1    162.78450    132.30000     -0.16198      1.00000
FN1    156.72450    131.50500     -0.12709      1.00000
FN1    161.67450    130.98000     -0.15642      1.00000
FN1    154.24950    154.53000     -0.19964      1.00000
FN1    158.14950    154.14000     -0.21700      0.79545
FN1    156.73950    153.91500     -0.20680      1.00000
FN1    147.90450    153.72000     -0.22335      0.80726
FN1    160.39950    152.67000     -0.21500      1.00000
FN1    159.04950    151.09500     -0.21486      1.00000
FN1    148.00950    150.85500     -0.19598      0.86326
FN1    156.34950    150.15000     -0.15885      1.00000
FN1    150.06450    150.06000     -0.19647      1.00000
FN1    140.23950    149.37000     -0.18712      0.99659
FN1    157.29450    148.12500     -0.20957      0.88079
FN1    147.66450    147.54000     -0.17374      1.00000
FN1    144.61950    147.22500     -0.15769      1.00000
FN1    156.57450    147.43500     -0.18860      1.00000
FN1    161.01450    146.98500     -0.20518      1.00000
FN1    160.08450    146.53500     -0.19936      1.00000
FN1    143.32950    145.44000     -0.20521      0.83542
FN1    147.09450    158.16000     -0.24248      1.00000
FN1    138.51450    144.66000     -0.18829      1.00000
FN1    145.98450    144.64500     -0.16997      1.00000
FN1    161.95950    143.98500     -0.19134      0.75122
FN1    139.53450    142.23000     -0.16545      1.00000
FN1    156.03450    141.67500     -0.18457      1.00000
FN1    147.64950    141.55500     -0.17198      0.68178
FN1    138.96450    141.25500     -0.18637      1.00000
FN1    138.54450    156.84000     -0.18643      1.00000
FN1    147.10950    140.40000     -0.16728      1.00000
FN1    154.33950    156.42000     -0.21576      1.00000
FN1    161.95950    139.89000     -0.15213      1.00000
FN1    143.13450    155.95500     -0.18969      1.00000
FN1    144.55950    139.12500     -0.17687      1.00000
FN1    145.26450    139.11000     -0.17713      1.00000
FN1    152.92950    135.79500     -0.22940      1.00000
FN1    147.34950    134.88000     -0.14319      1.00000
FN1    145.47450    133.89000     -0.17845      1.00000
FN1    139.39950    133.65000     -0.18486      1.00000
FN1    155.28450    132.94500     -0.15616      1.00000
FN1    145.57950    132.60000     -0.17913      1.00000
FN1    146.37450    155.20500     -0.18042      1.00000
FN1    160.98450    131.71500     -0.17265      0.72243
FN1    163.42950    131.55000     -0.16765      1.00000
FN1    156.12450    157.96500     -0.24741      1.00000
FN1    147.19950    156.70500     -0.19381      1.00000
FN1    149.73450    156.13500     -0.20381      0.83858
FN1    144.64950    155.43000     -0.19682      1.00000
FN1    139.66950    154.45500     -0.18410      1.00000
FN1    147.43950    151.18500     -0.18085      0.71233
FN1    145.56450    150.19500     -0.17098      1.00000
FN1    139.48950    149.95500     -0.18975      1.00000
FN1    145.66950    148.90500     -0.18025      1.00000
FN1    161.07450    148.00500     -0.22262      1.00000
FN1    163.51950    147.82500     -0.22402      1.00000
FN1    149.70450    146.16000     -0.12831      1.00000
FN1    152.88450    145.03500     -0.19164      1.00000
FN1    162.30450    144.69000     -0.19190      0.62137
FN1    154.80450    144.52500     -0.17359      1.00000
FN1    158.91450    143.91000     -0.18780      0.96930
FN1    164.16450    143.74500     -0.19831      1.00000
FN1    147.73950    157.86000     -0.20549      1.00000
FN1    166.60950    143.53500     -0.19334      1.00000
FN1    139.68450    143.40000     -0.16816      1.00000
FN1    156.58950    143.28000     -0.21866      1.00000
FN1    153.33450    143.02500     -0.20263      1.00000
FN1    166.42950    142.27500     -0.20662      1.00000
FN1    154.11450    142.12500     -0.16790      1.00000
FN1    159.01950    142.11000     -0.15942      1.00000
FN1    159.85950    141.81000     -0.19116      0.91221
FN1    161.91450    141.49500     -0.21656      1.00000
FN1    162.85950    141.19500     -0.17279      1.00000
FN1    154.80450    141.13500     -0.16985      1.00000
FN1    158.41950    157.60500     -0.25682      1.00000
FN1    146.08950    140.67000     -0.17901      1.00000
FN1    139.17450    140.41500     -0.17430      1.00000
FN1    157.89450    140.32500     -0.17418      1.00000
FN1    160.35450    140.34000     -0.17920      0.71415
FN1    165.85950    139.87500     -0.21068      1.00000
FN1    164.10450    139.50000     -0.17181      1.00000
FN1    139.05450    157.57500     -0.17254      1.00000
FN1    165.03450    137.89500     -0.17849      1.00000
FN1    151.39950    137.71500     -0.17122      1.00000
FN1    159.00450    137.07000     -0.16025      1.00000
FN1    150.43950    136.36500     -0.18871      1.00000
FN1    164.76450    136.29000     -0.13012      1.00000
FN1    157.69950    136.27500     -0.16370      1.00000
FN1    160.12950    134.85000     -0.16696      1.00000
FN1    155.50950    134.70000     -0.17216      0.64538
FN1    154.56450    133.30500     -0.18755      0.64977
FN1    160.02450    132.01500     -0.12721      0.65394
FN1    153.06450    131.94000     -0.17685      1.00000
FN1    162.91950    131.76000     -0.17081      0.79950
FN1    142.65450    131.11500     -0.13288      1.00000
FS1   -144.67950    157.14000      0.00411      1.00000
FS1   -139.78950    156.49500      0.00139      1.00000
FS1   -146.17950    155.20500      0.00291      1.00000
FS1   -155.38950    154.38000     -0.01050      1.00000
FS1   -155.44950    153.13500     -0.00795      1.00000
FS1   -160.62450    152.83500     -0.02525      1.00000
FS1   -155.35950    151.09500     -0.00280      1.00000
FS1   -151.20450    150.96000      0.00207      1.00000
FS1   -143.85450    150.72000      0.00339      1.00000
FS1   -159.19950    150.81000     -0.00285      1.00000
FS1   -146.14950    150.72000      0.03272      1.00000
FS1   -154.09950    150.57000      0.00124      1.00000
FS1   -149.95950    149.50500      0.01803      1.00000
FS1   -160.47450    149.11500     -0.00917      1.00000
FS1   -155.49450    148.23000      0.00572      1.00000
FS1   -162.58950    147.27000     -0.03554      1.00000
FS1   -146.95950    146.68500      0.04614      1.00000
FS1   -149.53950    145.68000     -0.00374      1.00000
FS1   -142.42950    144.55500      0.03111      1.00000
FS1   -151.68450    144.15000      0.03602      1.00000
FS1   -144.00450    143.89500      0.02946      1.00000
FS1   -153.78450    141.96000      0.01945      1.00000
FS1   -138.33450    141.54000     -0.00987      1.00000
FS1   -159.00450    141.57000      0.01996      1.00000
FS1   -146.86950    141.30000      0.02491      1.00000
FS1   -150.34950    140.02500      0.02728      1.00000
FS1   -163.05450    139.11000      0.00200      1.00000
FS1   -153.73950    138.57000      0.02217      1.00000
FS1   -147.46950    138.19500      0.04023      1.00000
FS1   -165.19950    135.97500      0.00332      1.00000
FS1   -154.56450    135.52500      0.02642      1.00000
FS1   -147.54450    134.88000      0.01535      1.00000
FS1   -143.14950    132.66000      0.04641      1.00000
FS1   -158.22450    132.21000      0.01097      1.00000
FS1   -160.26450    130.06500      0.01066      1.00000
FS1   -138.64950    154.83000      0.02791      0.93282
FS1   -139.56450    154.78500      0.05467      0.85554
FS1   -156.24450    154.35000     -0.01091      1.00000
FS1   -148.89450    151.80000      0.01332      1.00000
FS1   -160.36950    151.35000     -0.00539      1.00000
FS1   -140.52450    150.76500      0.02183      1.00000
FS1   -146.79450    150.60000      0.01081      1.00000
FS1   -155.01450    150.40500      0.01050      0.96620
FS1   -162.46950    149.98500     -0.01270      1.00000
FS1   -158.22450    149.83500      0.00220      1.00000
FS1   -156.51450    149.19000     -0.00256      1.00000
FS1   -143.40450    148.45500      0.01542      1.00000
FS1   -157.93950    148.32000      0.00117      1.00000
FS1   -142.33950    147.03000      0.01154      1.00000
FS1   -149.23950    146.50500      0.02969      1.00000
FS1   -154.83450    145.51500      0.01294      1.00000
FS1   -141.63450    145.41000      0.02989      1.00000
FS1   -144.30450    145.15500      0.03581      1.00000
FS1   -142.92450    145.06500      0.02800      1.00000
FS1   -160.23450    143.79000      0.01292      1.00000
FS1   -163.69950    142.54500      0.00076      1.00000
FS1   -157.60950    142.36500      0.00879      1.00000
FS1   -156.03450    142.35000      0.01546      1.00000
FS1   -148.86450    141.57000      0.03028      1.00000
FS1   -140.86950    140.86500      0.03166      1.00000
FS1   -163.62450    140.74500      0.01095      1.00000
FS1   -148.62450    140.19000      0.03503      1.00000
FS1   -154.51950    157.08000     -0.01976      1.00000
FS1   -144.70950    138.78000      0.04813      1.00000
FS1   -139.83450    138.15000      0.04093      1.00000
FS1   -163.11450    136.83000      0.02030      1.00000
FS1   -147.58950    136.81500      0.05811      1.00000
FS1   -155.43450    136.02000      0.01153      1.00000
FS1   -155.49450    134.77500      0.01599      1.00000
FS1   -160.66950    134.46000      0.02605      1.00000
FS1   -155.40450    132.73500      0.01493      1.00000
FS1   -151.23450    132.60000      0.02581      1.00000
FS1   -146.19450    132.36000      0.06258      1.00000
FS1   -154.12950    132.21000      0.05583      1.00000
FS1   -157.27950    132.21000     -0.00799      1.00000
FS1   -149.98950    131.14500      0.03350      1.00000
FS1   -160.51950    130.77000      0.01783      1.00000
FS1   -155.52450    129.90000      0.02574      1.00000
FS1   -149.43450    152.94000      0.02522      0.73354
FS1   -140.74950    152.86500      0.04717      1.00000
FS1   -139.41450    151.36500      0.02589      1.00000
FS1   -163.50450    150.09000     -0.00485      1.00000
FS1   -138.27450    148.65000      0.03983      1.00000
FS1   -142.09950    148.35000      0.03046      1.00000
FS1   -140.55450    147.99000      0.04469      1.00000
FS1   -159.73950    145.41000      0.02483      1.00000
FS1   -141.76950    144.81000      0.04706      1.00000
FS1   -153.73950    144.40500      0.03486      0.77076
FS1   -147.82950    143.41500      0.04609      0.76199
FS1   -149.35950    143.20500      0.04265      0.84556
FS1   -159.04950    140.91000      0.02969      0.68891
FS1   -157.96950    139.62000      0.03519      0.77783
FS1   -149.58450    139.75500      0.04864      0.84988
FS1   -154.81950    139.77000      0.02756      0.69574
FS1   -148.84950    139.29000      0.05793      1.00000
FS1   -156.72450    138.78000      0.01143      0.97104
FS1   -155.82450    138.58500      0.05123      0.78278
FS1   -141.16950    138.48000      0.01948      1.00000
FS1   -161.23950    138.21000      0.02324      1.00000
FS1   -141.22950    137.23500      0.05954      1.00000
FS1   -153.31950    157.44000     -0.00223      0.86287
FS1   -141.13950    135.21000      0.07243      1.00000
FS1   -144.96450    134.92500      0.05624      1.00000
FS1   -152.70450    134.68500      0.06925      1.00000
FS1   -139.86450    134.67000      0.06231      1.00000
FS1   -139.53450    132.91500      0.06399      1.00000
FS1   -161.25450    132.36000      0.04456      1.00000
FS1   -141.25950    132.33000      0.05255      0.84800
FS1   -148.35450    131.37000      0.07998      1.00000
FS1   -154.57950    129.93000      0.04153      1.00000
FS1   -141.18450    153.75000      0.05749      0.57968
FS1   -139.50450    149.44500      0.05422      0.67702
FS1   -162.33450    142.00500      0.04195      0.44064
FS1   -156.30450    138.84000      0.07804      0.87203
FS1   -150.93450    136.59000      0.07447      0.57379
FS1   -143.85450    136.48500      0.06977      1.00000
FS1   -158.38950    136.47000      0.04107      0.89700
FS1   -140.28450    136.14000      0.09704      0.97445
FS1   -138.84450    133.53000      0.06421      1.00000
FS1   -143.95950    132.82500      0.08013      0.39796
FS1   -156.01950    132.25500      0.07019      0.67377
FS1   -144.12450    131.80500      0.07119      0.46831
FS2   -184.03050    123.60500     -0.21095      1.00000
FS2   -180.73050    123.30500     -0.16308      1.00000
FS2   -188.15550    120.90500     -0.24728      1.00000
FS2   -175.66050    120.69500     -0.17404      1.00000
FS2   -174.10050    120.26000     -0.15823      1.00000
FS2   -188.24550    119.61500     -0.22780      1.00000
FS2   -187.79550    118.65500     -0.20862      1.00000
FS2   -178.82550    117.50000     -0.17063      1.00000
FS2   -190.72050    117.33500     -0.23187      1.00000
FS2   -184.48050    115.34000     -0.19650      1.00000
FS2   -182.23050    113.76500     -0.20793      1.00000
FS2   -174.31050    113.37500     -0.15681      1.00000
FS2   -191.77050    113.30000     -0.19864      1.00000
FS2   -188.72550    113.25500     -0.21414      1.00000
FS2   -172.82550    113.66000     -0.15935      1.00000
FS2   -194.69550    112.35500     -0.18076      1.00000
FS2   -193.01550    109.95500     -0.17233      1.00000
FS2   -172.13550    108.47000     -0.14951      1.00000
FS2   -181.97550    108.38000     -0.15651      1.00000
FS2   -174.14550    107.73500     -0.14007      1.00000
FS2   -172.42050    107.33000     -0.14622      1.00000
FS2   -197.59050    107.13500     -0.18403      1.00000
FS2   -190.91550    106.71500     -0.17323      1.00000
FS2   -189.89550    106.49000     -0.15107      1.00000
FS2   -171.80550    105.89000     -0.08019      1.00000
FS2   -192.14550    105.12500     -0.13903      1.00000
FS2   -192.92550    102.66500     -0.13642      1.00000
FS2   -196.21050    102.35000     -0.14712      1.00000
FS2   -181.03050    102.24500     -0.11290      1.00000
FS2   -183.83550    101.34500     -0.18138      1.00000
FS2   -194.00550    101.12000     -0.19321      1.00000
FS2   -194.84550    100.73000     -0.21825      1.00000
FS2   -172.13550    100.28000     -0.15106      1.00000
FS2   -174.65550    100.16000     -0.14321      1.00000
FS2   -192.40050     99.26000     -0.12967      1.00000
FS2   -173.18550     98.51000     -0.15969      1.00000
FS2   -175.60050     98.43500     -0.13093      1.00000
FS2   -184.60050     97.73000     -0.13455      1.00000
FS2   -172.12050    123.96500     -0.16752      1.00000
FS2   -176.87550    123.08000     -0.17744      1.00000
FS2   -183.04050    121.83500     -0.20606      1.00000
FS2   -172.21050    121.55000     -0.18452      1.00000
FS2   -189.20550    120.78500     -0.24179      0.96200
FS2   -180.85050    120.20000     -0.18218      1.00000
FS2   -177.83550    119.67500     -0.16919      1.00000
FS2   -190.21050    119.37500     -0.21764      1.00000
FS2   -192.17550    117.26000     -0.21746      1.00000
FS2   -189.92550    117.17000     -0.22262      1.00000
FS2   -172.55550    116.57000     -0.18742      0.97736
FS2   -185.15550    116.36000     -0.18932      1.00000
FS2   -182.36550    114.89000     -0.14547      1.00000
FS2   -174.34050    114.06500     -0.11412      1.00000
FS2   -174.86550    112.52000     -0.19537      0.94256
FS2   -192.16050    112.04000     -0.19020      1.00000
FS2   -194.00550    111.56000     -0.19259      1.00000
FS2   -182.21550    110.97500     -0.16345      1.00000
FS2   -179.33550    124.56500     -0.21742      0.97562
FS2   -173.78550    109.76000     -0.10968      1.00000
FS2   -175.64550    109.37000     -0.15384      1.00000
FS2   -179.23050    109.32500     -0.16347      1.00000
FS2   -173.08050    108.68000     -0.13168      1.00000
FS2   -187.00050    108.62000     -0.21081      1.00000
FS2   -188.11050    108.38000     -0.18072      1.00000
FS2   -173.72550    107.91500     -0.14895      1.00000
FS2   -187.55550    107.78000     -0.16441      1.00000
FS2   -192.58050    107.73500     -0.17629      1.00000
FS2   -185.95050    107.58500     -0.16705      1.00000
FS2   -190.94550    107.06000     -0.13695      1.00000
FS2   -189.43050    106.22000     -0.14640      1.00000
FS2   -192.34050    105.36500     -0.14910      1.00000
FS2   -184.04550    105.21500     -0.12951      1.00000
FS2   -175.33050    105.20000     -0.18341      1.00000
FS2   -180.73050    104.91500     -0.14491      1.00000
FS2   -199.40550    102.45500     -0.18627      1.00000
FS2   -195.29550    102.62000     -0.12063      1.00000
FS2   -175.66050    102.30500     -0.17033      1.00000
FS2   -188.24550    101.22500     -0.14334      1.00000
FS2   -187.79550    100.26500     -0.11370      1.00000
FS2   -178.81050     99.11000     -0.14427      1.00000
FS2   -190.72050     98.93000     -0.14863      1.00000
FS2   -186.43050    124.19000     -0.23957      0.79795
FS2   -174.94050    123.27500     -0.20088      0.64409
FS2   -175.63050    119.66000     -0.20333      0.85607
FS2   -188.74050    117.11000     -0.24113      0.80751
FS2   -190.03050    115.86500     -0.22270      0.70968
FS2   -177.77550    115.85000     -0.24557      0.67788
FS2   -185.32050    115.77500     -0.22058      0.64626
FS2   -177.86550    114.53000     -0.18842      0.82608
FS2   -179.72550    114.03500     -0.17960      0.73086
FS2   -171.67050    110.06000     -0.16912      0.74960
FS2   -192.46050    108.93500     -0.17795      0.79130
FS2   -183.22050    108.80000     -0.17604      0.64999
FS2   -182.87550    107.40500     -0.15047      0.70186
FS2   -196.54050    104.79500     -0.21148      0.78605
FS2   -190.25550    104.75000     -0.16344      1.00000
FS2   -198.17550    104.28500     -0.22609      0.69413
FS2   -173.51550    102.74000     -0.15668      0.75367
FS2   -179.57550    102.05000     -0.15671      0.74000
FS2   -178.01550    102.08000     -0.19793      0.65449
FS2   -194.93550    101.97500     -0.19606      0.89371
FS2   -176.42550    101.42000     -0.15639      0.70445
FS2   -199.72050    101.01500     -0.17267      0.68377
FS2   -181.85550    100.31000     -0.06492      1.00000
FS2   -182.06550     99.03500     -0.20966      0.92006
FS2   -182.87550    123.96500     -0.23027      1.00000
FS2   -183.95550    122.87000     -0.21034      1.00000
FS2   -181.01550    121.65500     -0.21074      0.73464
FS2   -185.11050    121.49000     -0.24171      0.85742
FS2   -173.87550    121.55000     -0.19309      1.00000
FS2   -187.57050    120.36500     -0.32628      1.00000
FS2   -173.51550    119.28500     -0.21240      1.00000
FS2   -188.00550    118.16000     -0.26813      1.00000
FS2   -187.61550    117.29000     -0.24053      0.74002
FS2   -181.88550    116.81000     -0.22084      1.00000
FS2   -190.52550    113.13500     -0.21377      1.00000
FS2   -183.22050    125.34500     -0.26112      1.00000
FS2   -182.15550    108.26000     -0.18473      1.00000
FS2   -197.42550    105.86000     -0.19183      1.00000
FS2   -181.91550    102.98000     -0.15852      1.00000
FS2   -185.15550    101.31500     -0.12675      1.00000
FS2   -194.71050     98.58500     -0.16598      1.00000
FS2   -198.47550     97.71500     -0.15869      1.00000
FS3   -209.10150     30.35000      0.03520      1.00000
FS3   -218.40150     23.07500      0.02271      1.00000
FS3   -213.45150     21.54500      0.06480      1.00000
FS3   -209.67150     19.55000     -0.00072      1.00000
FS3   -211.36650     18.86000      0.07436      1.00000
FS3   -210.37650     15.08000      0.04913      1.00000
FS3   -210.99150     12.41000      0.01950      1.00000
FS3   -212.62650     11.96000      0.03534      1.00000
FS3   -219.60150     30.06500      0.03388      1.00000
FS3   -208.98150     10.71500      0.03146      1.00000
FS3   -220.53150      9.33500      0.02648      1.00000
FS3   -206.32650     28.01000      0.02871      1.00000
FS3   -211.71150     28.10000      0.01690      1.00000
FS3   -216.85650      7.22000      0.02471      1.00000
FS3   -222.79650      6.95000      0.01667      1.00000
FS3   -219.69150      5.36000      0.02130      1.00000
FS3   -212.26650      4.58000      0.03745      1.00000
FS3   -220.72650      3.53000      0.00221      1.00000
FS3   -211.99650      3.03500     -0.00096      1.00000
FS3   -208.36650     29.60000      0.04635      1.00000
FS3   -206.50650     29.36000      0.04058      1.00000
FS3   -215.46150     28.83500      0.00787      1.00000
FS3   -221.55150     26.64500      0.04275      1.00000
FS3   -205.89150     22.43000      0.01416      1.00000
FS3   -212.89650     21.36500      0.04817      1.00000
FS3   -218.10150     19.61000      0.02765      1.00000
FS3   -212.86650     19.50500      0.04147      1.00000
FS3   -219.12150     17.42000      0.02985      1.00000
FS3   -219.28650     15.27500      0.02819      1.00000
FS3   -209.98650     13.77500      0.04039      1.00000
FS3   -210.73650     12.81500      0.09244      1.00000
FS3   -206.50650     12.53000      0.02133      1.00000
FS3   -213.73650     10.44500      0.05522      1.00000
FS3   -206.28150      9.62000      0.03331      1.00000
FS3   -221.74650      5.45000      0.03496      1.00000
FS3   -218.35650      4.67000      0.02207      1.00000
FS3   -216.72150     28.20500      0.00952      1.00000
FS3   -213.87150     26.48000      0.00908      1.00000
FS3   -214.32150     25.17500      0.00257      1.00000
FS3   -208.90650     21.02000      0.01549      1.00000
FS3   -209.41650     19.58000      0.03307      1.00000
FS3   -212.35650     19.05500      0.01486      1.00000
FS3   -216.45150     19.13000      0.00737      1.00000
FS3   -215.02650     30.42500      0.02014      1.00000
FS3   -214.95150     18.51500      0.02626      1.00000
FS3   -211.42650     15.66500      0.01047      1.00000
FS3   -215.34150     15.45500      0.03405      1.00000
FS3   -219.15150     15.20000      0.00894      1.00000
FS3   -214.81650     14.31500      0.02961      1.00000
FS3   -213.57150     30.17000      0.02241      1.00000
FS3   -205.30650     14.15000      0.03565      1.00000
FS3   -220.71150     29.21000      0.03544      1.00000
FS3   -222.13650      8.78000      0.01489      1.00000
FS3   -207.28650     29.10500      0.01971      1.00000
FS3   -215.22150      4.62500      0.02837      1.00000
FS3   -217.99650      3.62000      0.02889      1.00000
FS3   -218.47650      2.57000      0.01941      1.00000
FS3   -212.46150     25.77500      0.05448      1.00000
FS3   -214.08150     24.63500      0.02068      1.00000
FS3   -213.25650     23.93000      0.05134      1.00000
FS3   -221.52150     23.78000      0.08738      1.00000
FS3   -211.74150     22.82000      0.05775      1.00000
FS3   -215.25150     21.18500      0.06795      1.00000
FS3   -218.02650     20.16500      0.06285      1.00000
FS3   -218.50650     19.13000      0.04959      1.00000
FS3   -207.94650     16.38500      0.02665      1.00000
FS3   -208.60650     13.92500      0.05067      1.00000
FS3   -220.30650     13.35500      0.04877      1.00000
FS3   -213.22650     11.46500      0.03402      1.00000
FS3   -221.95650     11.34500      0.03176      1.00000
FS3   -212.50650     11.27000      0.05465      1.00000
FS3   -206.26650      9.95000      0.05238      1.00000
FS3   -209.47650     29.67500      0.04190      1.00000
FS3   -222.64650      8.15000      0.05107      1.00000
FS3   -208.51650      7.56500      0.04562      1.00000
FS3   -221.83650      7.17500      0.04341      1.00000
FS3   -218.49150      6.57500      0.05545      1.00000
FS3   -207.79650      5.49500      0.08698      1.00000
FS3   -218.05650      4.14500      0.05154      1.00000
FS3   -206.44650      4.16000      0.06513      1.00000
FS4   -208.87650     -5.93000      0.03905      1.00000
FS4   -212.49150     -6.57500     -0.03312      1.00000
FS4   -217.99650     -7.59500     -0.00601      1.00000
FS4   -206.14650    -11.30000      0.00896      1.00000
FS4   -221.92650    -11.45000     -0.00140      1.00000
FS4   -218.28150    -12.35000     -0.01273      1.00000
FS4   -210.51150    -13.55000     -0.01334      1.00000
FS4   -215.67150    -17.81000     -0.01104      1.00000
FS4   -205.68150    -17.94500     -0.00319      1.00000
FS4   -206.73150    -18.69500      0.02448      1.00000
FS4   -220.90650    -18.96500     -0.01378      1.00000
FS4   -216.07650    -19.89500     -0.01142      1.00000
FS4   -214.95150    -22.14500      0.05143      1.00000
FS4   -213.10650    -22.56500      0.01220      1.00000
FS4   -221.38650    -24.05000     -0.00258      1.00000
FS4   -207.42150    -24.62000     -0.00721      1.00000
FS4   -215.94150    -25.73000      0.01433      1.00000
FS4   -211.53150    -26.91500     -0.02920      1.00000
FS4   -209.49150    -27.71000      0.02179      1.00000
FS4   -210.06150    -28.13000      0.02246      1.00000
FS4   -222.46650    -28.44500      0.02128      1.00000
FS4   -210.66150    -29.00000      0.00997      1.00000
FS4   -207.85650    -29.63000      0.03231      1.00000
FS4   -218.22150    -30.75500      0.02245      1.00000
FS4   -218.94150     -6.35000     -0.00210      1.00000
FS4   -215.62650     -6.66500     -0.07616      1.00000
FS4   -209.05650     -7.32500     -0.04176      1.00000
FS4   -224.55150     -8.03000     -0.05374      1.00000
FS4   -210.22650     -8.33000      0.04922      1.00000
FS4   -220.62150     -8.70500     -0.01112      1.00000
FS4   -214.27650     -8.79500     -0.06737      1.00000
FS4   -215.08650     -9.75500     -0.01575      1.00000
FS4   -221.35650     -9.72500     -0.01191      1.00000
FS4   -216.94650    -10.82000     -0.01270      1.00000
FS4   -217.26150     -2.55500     -0.05685      1.00000
FS4   -213.93150    -12.08000      0.00649      1.00000
FS4   -212.34150    -13.46000     -0.03160      1.00000
FS4   -212.05650    -14.99000     -0.01118      1.00000
FS4   -223.36650    -18.45500     -0.01040      1.00000
FS4   -216.18150    -18.77000     -0.02606      1.00000
FS4   -212.25150    -18.92000      0.03504      1.00000
FS4   -224.02650    -18.96500      0.01026      1.00000
FS4   -221.47650    -20.04500     -0.00695      1.00000
FS4   -207.13650    -20.28500      0.00106      1.00000
FS4   -223.06650    -20.84000      0.00107      1.00000
FS4   -223.59150    -23.79500      0.00052      1.00000
FS4   -208.83150    -24.33500     -0.00225      1.00000
FS4   -207.88650    -24.84500     -0.04870      1.00000
FS4   -217.93650    -26.01500     -0.00426      1.00000
FS4   -206.10150    -29.69000     -0.02095      1.00000
FS4   -221.86650    -29.87000      0.02730      1.00000
FS4   -216.45150    -29.84000      0.01615      1.00000
FS4   -205.62150    -30.44000     -0.01050      1.00000
FS4   -222.94650     -4.74500      0.00630      1.00000
FS4   -211.06650     -5.61500     -0.05307      1.00000
FS4   -222.06150     -4.85000     -0.03379      1.00000
FS4   -220.86150     -5.10500     -0.03162      1.00000
FS4   -224.26650     -5.18000     -0.01273      1.00000
FS4   -210.27150     -5.54000      0.04289      1.00000
FS4   -223.53150     -5.75000     -0.00156      1.00000
FS4   -224.71650     -6.11000     -0.01475      1.00000
FS4   -206.34150     -6.23000     -0.03111      1.00000
FS4   -207.06150     -7.25000      0.01666      1.00000
FS4   -222.73650     -8.04500     -0.01251      1.00000
FS4   -221.91150     -9.02000      0.02970      1.00000
FS4   -218.58150     -9.62000     -0.04791      1.00000
FS4   -215.44650     -9.83000      0.00704      1.00000
FS4   -218.14650    -12.06500     -0.00412      1.00000
FS4   -224.55150    -12.95000     -0.01655      1.00000
FS4   -223.75650    -13.28000     -0.02433      1.00000
FS4   -212.20650    -14.37500     -0.00788      1.00000
FS4   -213.69150    -14.90000     -0.07464      1.00000
FS4   -223.87650    -15.74000     -0.00182      1.00000
FS4   -207.19650    -17.57000      0.00970      1.00000
FS4   -216.69150    -17.67500      0.05535      1.00000
FS4   -222.70650    -17.67500     -0.00110      1.00000
FS4   -223.08150    -18.87500      0.00858      1.00000
FS4   -220.41150     -2.85500     -0.05480      1.00000
FS4   -218.29650    -20.51000      0.00588      1.00000
FS4   -221.83650    -20.79500      0.00831      1.00000
FS4   -209.34150    -21.30500      0.02011      1.00000
FS4   -214.84650    -22.05500      0.04288      1.00000
FS4   -224.68650    -22.37000      0.02382      1.00000
FS4   -219.12150    -22.94000      0.07786      1.00000
FS4   -216.85650    -23.36000      0.04586      1.00000
FS4   -214.98150    -25.62500     -0.00850      1.00000
FS4   -207.58650    -27.39500     -0.00185      1.00000
FS4   -213.60150    -27.48500      0.05297      1.00000
FS4   -215.28150    -28.38500      0.01566      1.00000
FS4   -216.91650    -28.71500      0.01564      1.00000
FS4   -219.25650    -28.70000      0.02700      1.00000
FS4   -210.37650    -29.28500     -0.00918      1.00000
FS4   -222.60150    -29.40500      0.04193      1.00000
FS4   -215.28150     -3.45500      0.01894      1.00000
FS4   -217.74150    -30.05000      0.02412      1.00000
FS4   -216.67650     -3.59000     -0.05535      1.00000
FS4   -221.79150    -30.38000     -0.00132      1.00000
FS4   -214.77150    -30.74000     -0.01743      1.00000
FS4   -215.04150     -9.06500     -0.07874      1.00000
FS4   -215.34150    -11.81000     -0.02697      1.00000
FS4   -219.31650    -12.12500     -0.04207      1.00000
FS4   -216.96150    -12.15500     -0.02135      1.00000
FS4   -210.43650    -12.72500     -0.05876      1.00000
FS4   -222.66150    -12.83000     -0.04630      1.00000
FS4   -211.29150    -16.35500     -0.02687      1.00000
FS4   -218.34150     -3.93500     -0.01379      1.00000
FS4   -212.52150    -16.74500     -0.00659      1.00000
FS4   -221.88150     -4.22000     -0.03634      1.00000
FS4   -224.38650    -19.13000     -0.04574      1.00000
FS4   -217.86150    -20.46500     -0.00560      1.00000
FS4   -214.65150    -23.03000     -0.04649      1.00000
FS4   -216.60150    -24.93500     -0.20410      0.76648
FS4   -220.96650    -25.52000     -0.00272      1.00000
FS4   -222.10650    -26.07500      0.00383      1.00000
FS4   -223.95150    -27.12500      0.02829      1.00000
FS4   -208.17150    -27.81500     -0.02433      1.00000
FS4   -209.02650    -29.28500     -0.05028      1.00000
FS4   -217.06650    -29.75000     -0.00936      1.00000
FS4   -214.89150     -5.48000     -0.01232      1.00000
FS4   -219.16650     -6.38000      0.01322      1.00000
