FN4    217.20150    -30.90500     -0.05078      1.00000
FN4    209.23650     -5.22500      0.03998      1.00000
FN4    205.60650     -5.33000      0.00525      1.00000
FN4    215.37150     -6.18500     -0.01796      1.00000
FN4    209.58150     -6.50000     -0.00775      1.00000
FN4    206.01150     -6.50000      0.00102      1.00000
FN4    211.44150     -6.86000      0.00249      1.00000
FN4    216.25650     -6.95000     -0.04356      1.00000
FN4    208.72650     -6.20000     -0.00020      1.00000
FN4    209.86650     -7.71500     -0.02333      1.00000
FN4    205.59150     -8.66000      0.06902      1.00000
FN4    215.29650     -8.75000     -0.03817      1.00000
FN4    216.76650     -9.54500     -0.02255      1.00000
FN4    208.36650    -10.80500      0.00847      1.00000
FN4    211.24650    -10.89500     -0.00943      1.00000
FN4    209.89650    -11.28500      0.01386      1.00000
FN4    214.95150     -2.85500     -0.03098      1.00000
FN4    215.44650    -11.99000     -0.02972      1.00000
FN4    208.11150    -11.84000      0.01494      1.00000
FN4    212.37150    -12.24500     -0.00471      1.00000
FN4    219.48150     -2.91500     -0.05269      1.00000
FN4    207.96150    -13.43000     -0.01988      1.00000
FN4    207.15150    -14.13500     -0.00047      1.00000
FN4    208.74150    -14.10500     -0.01872      1.00000
FN4    215.11650    -14.52500     -0.02176      1.00000
FN4    207.82650    -16.26500     -0.00300      1.00000
FN4    211.87650    -16.79000     -0.04864      1.00000
FN4    214.30650    -16.85000     -0.02480      1.00000
FN4    208.00650    -17.34500      0.01179      1.00000
FN4    212.76150    -17.70500     -0.02136      1.00000
FN4    206.74650    -17.85500     -0.00239      1.00000
FN4    211.84650    -17.88500      0.00209      1.00000
FN4    210.15150    -17.93000     -0.00681      1.00000
FN4    208.86150    -18.17000     -0.01309      1.00000
FN4    210.91650     -3.51500      0.00467      1.00000
FN4    215.88150    -18.63500     -0.03110      1.00000
FN4    217.00650    -19.04000     -0.05222      1.00000
FN4    212.31150    -19.38500      0.01334      1.00000
FN4    210.03150    -19.49000     -0.05568      1.00000
FN4    216.93150    -19.82000     -0.06855      1.00000
FN4    211.47150    -19.97000     -0.00983      1.00000
FN4    218.89650    -20.18000     -0.02447      1.00000
FN4    210.36150    -20.37500     -0.03171      1.00000
FN4    208.18650    -21.69500      0.00499      1.00000
FN4    212.40150    -22.31000     -0.05897      1.00000
FN4    206.76150    -22.55000     -0.01921      1.00000
FN4    206.08650    -22.80500      0.00323      1.00000
FN4    207.60150    -22.94000     -0.00355      1.00000
FN4    216.15150    -23.36000     -0.00124      1.00000
FN4    216.79650    -22.85000     -0.02684      1.00000
FN4    216.01650    -24.24500     -0.02323      1.00000
FN4    209.44650    -25.32500     -0.02869      1.00000
FN4    213.09150    -25.67000     -0.00867      1.00000
FN4    211.65150    -25.65500      0.00229      1.00000
FN4    214.66650    -26.45000     -0.02342      1.00000
FN4    211.24650    -26.93000     -0.01614      1.00000
FN4    213.84150    -27.06500     -0.00655      1.00000
FN4    212.22150    -27.29000      0.00602      1.00000
FN4    211.26150    -28.14500      0.00047      1.00000
FN4    208.39650    -28.50500     -0.01970      1.00000
FN4    205.96650    -28.61000     -0.00348      1.00000
FN4    207.37650    -28.70000     -0.01533      1.00000
FN4    218.35650    -28.40000     -0.04417      1.00000
FN4    210.58650    -28.65500     -0.02400      1.00000
FN4    206.14650     -4.16000     -0.00486      1.00000
FN4    217.62150    -29.13500     -0.03640      1.00000
FN4    216.15150    -29.21000      0.14138      0.73796
FN4    211.26150    -29.30000     -0.01064      1.00000
FN4    208.81650    -29.81000     -0.00395      1.00000
FN4    211.60650    -30.11000     -0.00412      1.00000
FN4    209.58150    -30.45500     -0.00934      1.00000
FN4    215.92650     -4.43000     -0.07602      1.00000
FN4    207.72150     -4.67000      0.02665      1.00000
FN4    211.14150     -4.85000      0.06837      1.00000
FN4    215.52150    -30.03500      0.01005      1.00000
FN4    212.47650     -4.77500     -0.01494      1.00000
FN4    207.37650     -5.28500      0.01219      1.00000
FN4    213.58650     -6.59000      0.00032      1.00000
FN4    216.16650     -6.59000      0.02110      1.00000
FN4    205.98150     -6.78500      0.04878      1.00000
FN4    208.00650     -6.86000      0.01906      1.00000
FN4    212.41650     -7.26500      0.00175      1.00000
FN4    210.58650     -7.59500     -0.02037      1.00000
FN4    214.96650     -7.65500      0.00877      1.00000
FN4    218.41650     -8.63000     -0.02006      1.00000
FN4    216.45150     -9.05000     -0.00575      1.00000
FN4    205.89150     -9.57500      0.05782      1.00000
FN4    213.94650     -9.59000     -0.00335      1.00000
FN4    212.10150     -9.95000     -0.00811      1.00000
FN4    209.49150    -10.14500     -0.03876      1.00000
FN4    217.92150    -10.23500      0.00384      1.00000
FN4    207.97650    -10.28000      0.02911      1.00000
FN4    212.08650    -10.97000     -0.00691      1.00000
FN4    205.87650    -12.02000      0.03604      1.00000
FN4    207.67650    -12.20000      0.02341      1.00000
FN4    209.79150    -12.38000      0.01324      1.00000
FN4    215.83650    -12.51500     -0.01068      1.00000
FN4    215.13150    -12.87500     -0.00143      1.00000
FN4    219.13650    -12.98000     -0.03323      1.00000
FN4    208.02150    -13.52000     -0.00297      1.00000
FN4    209.38650    -13.92500      0.01190      1.00000
FN4    218.23650    -14.15000     -0.02940      1.00000
FN4    214.81650    -14.27000      0.01186      1.00000
FN4    205.84650    -14.40500      0.02325      1.00000
FN4    210.91650    -15.93500      0.01437      1.00000
FN4    217.36650     -2.52500     -0.01248      1.00000
FN4    211.02150     -3.17000     -0.03370      1.00000
FN4    213.33150    -16.85000      0.00558      1.00000
FN4    206.25150     -3.39500      0.02143      1.00000
FN4    212.73150    -17.70500      0.03356      1.00000
FN4    207.67650    -18.77000      0.01515      1.00000
FN4    215.28150    -19.17500     -0.01000      1.00000
FN4    206.16150    -19.23500      0.00202      1.00000
FN4    217.08150    -20.24000     -0.01297      1.00000
FN4    208.32150    -20.51000     -0.02381      1.00000
FN4    215.01150    -20.90000     -0.00466      1.00000
FN4    219.54150    -20.96000     -0.01177      1.00000
FN4    210.97650    -21.57500      0.02175      1.00000
FN4    206.20650    -22.22000      0.02052      1.00000
FN4    215.98650    -22.49000     -0.03175      1.00000
FN4    207.78150    -22.73000      0.04735      1.00000
FN4    211.20150    -22.91000      0.05823      1.00000
FN4    209.29650    -23.28500      0.04993      1.00000
FN4    215.43150    -24.24500      0.00939      1.00000
FN4    208.78650    -24.24500      0.03753      1.00000
FN4    209.64150    -24.56000      0.01578      1.00000
FN4    211.50150    -24.92000      0.02776      1.00000
FN4    216.31650    -24.99500     -0.00028      1.00000
FN4    209.94150    -25.77500     -0.00063      1.00000
FN4    205.66650    -26.72000      0.08879      1.00000
FN4    215.37150    -26.79500     -0.00188      1.00000
FN4    211.23150    -27.18500      0.01489      1.00000
FN4    216.82650    -27.60500      0.00656      1.00000
FN4    213.43650    -28.02500     -0.08356      1.00000
FN4    218.61150    -28.83500     -0.02683      1.00000
FN4    208.44150    -28.86500      0.02738      1.00000
FN4    211.32150    -28.95500      0.01989      1.00000
FN4    209.95650    -29.34500      0.02457      1.00000
FN4    208.17150    -29.90000      0.02295      1.00000
FN4    212.43150    -30.30500     -0.00142      1.00000
FN4    218.46150     -4.35500     -0.04566      1.00000
FN4    215.43150     -4.55000     -0.01685      1.00000
FN3    217.81650     28.79000     -0.19205      1.00000
FN3    216.93150     28.40000     -0.22071      1.00000
FN3    206.07150     28.59500     -0.12159      1.00000
FN3    212.34150     28.43000     -0.17228      1.00000
FN3    217.56150     27.86000     -0.21822      1.00000
FN3    214.51650     27.78500     -0.17113      1.00000
FN3    205.80150     26.58500     -0.12054      1.00000
FN3    218.82150     26.10500     -0.27211      1.00000
FN3    217.59150     25.31000     -0.26965      1.00000
FN3    206.07150     24.84500     -0.11928      1.00000
FN3    207.21150     24.78500     -0.16623      1.00000
FN3    208.36650     22.89500     -0.16345      1.00000
FN3    210.24150     22.05500     -0.17040      1.00000
FN3    213.04650     22.05500     -0.17159      1.00000
FN3    209.59650     21.20000     -0.12148      1.00000
FN3    207.54150     20.97500     -0.11614      1.00000
FN3    214.12650     20.79500     -0.15691      1.00000
FN3    205.96650     19.64000     -0.11258      1.00000
FN3    214.29150     19.28000     -0.19918      1.00000
FN3    207.40650     19.05500     -0.12731      1.00000
FN3    212.62650     18.96500     -0.17391      1.00000
FN3    209.16150     18.48500     -0.14266      1.00000
FN3    218.10150     18.33500     -0.18168      1.00000
FN3    216.21150     18.17000     -0.20192      1.00000
FN3    206.92650     17.99000     -0.13336      1.00000
FN3    212.16150     16.83500     -0.15025      1.00000
FN3    205.72650     18.21500     -0.11712      1.00000
FN3    217.45650     15.24500     -0.20687      1.00000
FN3    219.04650     15.18500     -0.22555      1.00000
FN3    208.72650     15.12500     -0.14000      1.00000
FN3    206.31150     14.36000     -0.12587      1.00000
FN3    211.05150     14.60000     -0.19504      1.00000
FN3    212.56650     12.98000     -0.15293      1.00000
FN3    207.45150     12.47000     -0.09639      1.00000
FN3    213.66150     11.16500     -0.17051      1.00000
FN3    216.25650     11.15000     -0.16574      1.00000
FN3    206.04150     10.97000     -0.07223      1.00000
FN3    219.21150     29.61500     -0.16147      1.00000
FN3    208.06650     10.88000     -0.09681      1.00000
FN3    212.50650     10.49000     -0.14635      1.00000
FN3    210.64650     10.16000     -0.21543      1.00000
FN3    218.50650      9.12500     -0.23280      1.00000
FN3    216.54150      8.69000     -0.21175      1.00000
FN3    212.16150      7.80500     -0.16466      1.00000
FN3    217.98150      7.50500     -0.20753      1.00000
FN3    208.03650      7.47500     -0.11670      1.00000
FN3    212.16150      6.78500     -0.16677      1.00000
FN3    212.85150      5.52500     -0.14843      1.00000
FN3    205.93650      5.73500     -0.13675      1.00000
FN3    207.75150      5.54000     -0.11386      1.00000
FN3    209.86650      5.36000     -0.12664      1.00000
FN3    215.20650      4.88000     -0.17241      1.00000
FN3    219.21150      4.76000     -0.23451      1.00000
FN3    208.09650      4.23500     -0.14438      1.00000
FN3    209.46150      3.83000     -0.11885      1.00000
FN3    218.31150      3.59000     -0.22950      1.00000
FN3    216.70650      3.71000     -0.21368      1.00000
FN3    214.89150      3.48500     -0.16360      1.00000
FN3    205.90650      3.33500     -0.11885      1.00000
FN3    218.28150      2.61500     -0.23433      1.00000
FN3    210.99150      1.82000     -0.14319      1.00000
FN3    208.18650     27.89000     -0.15698      1.00000
FN3    206.86650     27.42500     -0.13486      1.00000
FN3    209.92650     27.33500     -0.17160      1.00000
FN3    215.97150     27.02000     -0.20306      1.00000
FN3    218.13150     25.14500     -0.22596      1.00000
FN3    207.03150     25.01000     -0.14671      1.00000
FN3    210.67650     24.80000     -0.17310      1.00000
FN3    213.04650     24.17000     -0.17908      1.00000
FN3    209.85150     23.09000     -0.16705      1.00000
FN3    207.79650     22.08500     -0.21063      0.95848
FN3    210.57150     21.17000     -0.18341      1.00000
FN3    210.27150     22.05500     -0.16215      1.00000
FN3    217.90650     20.91500     -0.10000      1.00000
FN3    216.10650     20.12000     -0.17210      1.00000
FN3    210.42150     20.09000     -0.18929      1.00000
FN3    207.10650     19.62500     -0.19068      1.00000
FN3    207.88650     19.19000     -0.14659      1.00000
FN3    215.07150     19.02500     -0.17738      1.00000
FN3    212.52150     18.56000     -0.19223      1.00000
FN3    213.75150     18.50000     -0.20989      1.00000
FN3    208.86150     18.44000     -0.17404      1.00000
FN3    210.58650     18.08000     -0.11428      1.00000
FN3    207.73650     17.55500     -0.15431      1.00000
FN3    215.71650     17.03000     -0.17382      1.00000
FN3    216.90150     16.59500     -0.22495      1.00000
FN3    206.28150     16.16000     -0.15595      1.00000
FN3    211.36650     15.86000     -0.15644      1.00000
FN3    209.62650     15.72500     -0.14589      1.00000
FN3    216.94650     15.42500     -0.21027      1.00000
FN3    211.63650     30.08000     -0.19087      1.00000
FN3    214.11150     14.85500     -0.19035      1.00000
FN3    210.16650     13.88000     -0.18708      1.00000
FN3    218.88150     13.43000     -0.22466      1.00000
FN3    209.89650     29.69000     -0.18759      1.00000
FN3    219.24150     11.54000     -0.16565      1.00000
FN3    219.07650     29.12000     -0.23127      1.00000
FN3    217.84650     10.71500     -0.20680      1.00000
FN3    206.10150     10.52000     -0.13548      1.00000
FN3    212.37150     10.35500     -0.16674      1.00000
FN3    216.94650     10.32500     -0.21567      1.00000
FN3    209.10150      9.96500     -0.12083      1.00000
FN3    217.59150      9.78500     -0.21966      1.00000
FN3    214.54650      9.72500     -0.18223      1.00000
FN3    205.81650      8.49500     -0.14190      1.00000
FN3    218.85150      8.04500     -0.26813      1.00000
FN3    210.54150      7.53500     -0.23571      0.91189
FN3    217.62150      7.23500     -0.25016      1.00000
FN3    206.10150      6.77000     -0.15956      1.00000
FN3    207.24150      6.71000     -0.17310      1.00000
FN3    208.41150      4.82000     -0.16176      1.00000
FN3    210.27150      3.98000     -0.14902      1.00000
FN3    209.62650      3.12500     -0.14466      1.00000
FN3    207.57150      2.90000     -0.15627      1.00000
FN3    214.15650      2.73500     -0.17088      1.00000
FN3    213.07650      3.99500     -0.17527      1.00000
FN2    185.03550    123.66500      0.00658      1.00000
FN2    173.83050    122.75000      0.02618      1.00000
FN2    185.45550    122.55500     -0.01223      1.00000
FN2    178.73550    121.40000      0.00861      1.00000
FN2    182.12550    121.22000     -0.00552      1.00000
FN2    184.75050    121.19000      0.01014      1.00000
FN2    173.65050    120.77000      0.01797      1.00000
FN2    185.36550    119.36000      0.00358      1.00000
FN2    182.69550    119.04500      0.01357      1.00000
FN2    176.03550    118.85000      0.03159      1.00000
FN2    182.33550    118.17500      0.04016      1.00000
FN2    183.58050    117.48500      0.02749      1.00000
FN2    181.48050    117.27500      0.02405      1.00000
FN2    172.45050    115.55000      0.04794      1.00000
FN2    175.43550    115.37000      0.03849      1.00000
FN2    185.18550    125.84000     -0.02768      1.00000
FN2    176.03550    114.24500      0.03464      1.00000
FN2    183.14550    113.67500      0.01710      1.00000
FN2    175.70550    113.52500      0.04633      1.00000
FN2    176.92050    111.81500      0.04162      1.00000
FN2    182.51550    111.57500      0.05161      1.00000
FN2    183.58050    111.21500      0.00246      1.00000
FN2    179.54550    111.14000      0.02611      1.00000
FN2    178.54050    110.88500      0.02756      1.00000
FN2    179.39550    110.31500      0.03228      1.00000
FN2    180.25050    109.37000      0.04799      1.00000
FN2    180.41550    125.39000      0.04306      1.00000
FN2    173.68050    109.26500      0.02218      1.00000
FN2    183.56550    125.06000     -0.01921      1.00000
FN2    172.13550    108.66500      0.01526      1.00000
FN2    178.90050    108.56000      0.01732      1.00000
FN2    182.51550    125.10500     -0.00701      1.00000
FN2    172.30050    107.85500      0.02487      1.00000
FN2    176.06550    107.85500      0.03141      1.00000
FN2    173.29050    107.55500      0.03954      1.00000
FN2    173.78550    106.31000      0.12157      1.00000
FN2    181.40550    105.87500      0.01821      1.00000
FN2    182.53050    105.72500      0.03856      1.00000
FN2    177.59550    105.24500      0.00810      1.00000
FN2    175.97550    104.81000      0.04536      1.00000
FN2    173.42550    104.57000      0.03427      1.00000
FN2    181.22550    104.03000      0.00081      1.00000
FN2    173.17050    103.79000      0.03631      1.00000
FN2    176.21550    103.35500      0.01183      1.00000
FN2    177.31050    103.11500      0.00244      1.00000
FN2    182.77050    103.05500      0.00651      1.00000
FN2    175.48050    124.35500      0.03698      1.00000
FN2    176.77050    102.15500      0.04901      1.00000
FN2    182.42550    102.14000      0.02249      1.00000
FN2    185.00550    124.37000     -0.00847      1.00000
FN2    178.66050    101.25500      0.06087      1.00000
FN2    176.59050    124.31000      0.04421      1.00000
FN2    174.08550    101.06000      0.03193      1.00000
FN2    180.23550    100.88000      0.02913      1.00000
FN2    179.24550    100.52000      0.03175      1.00000
FN2    175.46550    100.32500      0.09442      1.00000
FN2    174.49050     99.89000     -0.05343      1.00000
FN2    183.59550     99.83000      0.00454      1.00000
FN2    181.13550     99.36500     -0.00336      1.00000
FN2    180.23550     99.24500      0.01539      1.00000
FN2    182.23050     98.84000      0.04242      1.00000
FN2    179.33550     98.87000      0.01947      1.00000
FN2    174.37050     98.49500      0.02762      1.00000
FN2    185.12550     98.40500      0.01043      1.00000
FN2    180.73050     98.27000     -0.03543      1.00000
FN2    177.43050     97.92500     -0.02030      1.00000
FN2    174.01050    124.47500      0.04509      1.00000
FN2    183.50550    123.38000      0.00111      1.00000
FN2    176.59050    122.99000     -0.02056      1.00000
FN2    182.26050    122.78000      0.00764      1.00000
FN2    177.55050    123.27500      0.01572      1.00000
FN2    180.37050    120.09500      0.04731      1.00000
FN2    181.07550    119.91500      0.03679      1.00000
FN2    185.92050    120.11000      0.11378      0.77663
FN2    178.63050    119.75000      0.02416      1.00000
FN2    172.84050    119.39000     -0.00498      1.00000
FN2    183.07050    119.12000      0.02749      1.00000
FN2    173.21550    118.65500     -0.01806      1.00000
FN2    181.51050    118.35500      0.00088      1.00000
FN2    172.36050    118.10000      0.01932      1.00000
FN2    173.89050    117.75500     -0.01175      1.00000
FN2    180.53550    116.94500      0.03372      1.00000
FN2    178.15050    116.82500      0.01807      1.00000
FN2    184.73550    116.57000      0.02905      1.00000
FN2    178.88550    116.55500      0.02259      1.00000
FN2    179.86050    115.98500      0.04410      1.00000
FN2    183.56550    115.94000      0.01945      1.00000
FN2    175.48050    115.77500      0.01205      1.00000
FN2    176.51550    114.92000      0.02662      1.00000
FN2    173.05050    114.06500     -0.02179      1.00000
FN2    179.33550    114.00500      0.00211      1.00000
FN2    172.03050    112.49000      0.04735      1.00000
FN2    176.24550    126.14000     -0.00115      1.00000
FN2    172.45050    111.29000      0.01373      1.00000
FN2    174.14550    111.65000      0.03496      1.00000
FN2    175.66050    125.97500      0.02753      1.00000
FN2    173.39550    109.41500      0.01520      1.00000
FN2    174.14550    109.25000      0.02334      1.00000
FN2    181.55550    108.72500      0.06108      1.00000
FN2    173.51550    125.49500      0.01218      1.00000
FN2    183.50550    106.95500     -0.01804      1.00000
FN2    182.45550    107.01500      0.01000      1.00000
FN2    175.42050    106.25000      0.02015      1.00000
FN2    184.96050    106.28000      0.02159      1.00000
FN2    176.51550    106.20500      0.04976      1.00000
FN2    173.08050    105.62000     -0.00892      1.00000
FN2    184.99050    105.57500      0.03038      1.00000
FN2    181.85550    125.18000     -0.01356      1.00000
FN2    182.80050    106.17500      0.15923      0.91255
FN2    173.77050    104.64500      0.02027      1.00000
FN2    185.41050    104.48000      0.01403      1.00000
FN2    178.79550    125.01500      0.01264      1.00000
FN2    178.67550    103.31000     -0.02843      1.00000
FN2    182.06550    103.11500      0.00955      1.00000
FN2    184.69050    103.10000      0.02677      1.00000
FN2    173.57550    102.66500     -0.00514      1.00000
FN2    185.32050    101.27000      0.02624      1.00000
FN2    182.65050    100.95500      0.03637      1.00000
FN2    175.97550    100.74500      0.05583      1.00000
FN2    182.29050    100.08500      0.04714      1.00000
FN2    183.53550     99.38000      0.02635      1.00000
FN2    181.42050     99.18500      0.02308      1.00000
FN1    148.33950    154.92000     -0.09228      1.00000
FN1    142.74450    154.26000     -0.03549      1.00000
FN1    141.70950    153.82500     -0.05684      1.00000
FN1    149.46450    153.36000     -0.07841      1.00000
FN1    146.65950    152.16000     -0.05370      1.00000
FN1    150.30450    151.86000     -0.05937      1.00000
FN1    147.90450    151.90500     -0.08816      1.00000
FN1    141.34950    151.62000     -0.06925      1.00000
FN1    147.75450    150.43500     -0.06884      1.00000
FN1    150.94950    148.35000     -0.06551      1.00000
FN1    138.28950    147.87000     -0.05610      1.00000
FN1    144.21450    147.03000     -0.05683      1.00000
FN1    149.92950    147.09000     -0.10281      1.00000
FN1    140.07450    146.59500     -0.07389      1.00000
FN1    147.40950    146.32500     -0.24954      0.83136
FN1    139.72950    145.78500     -0.08616      1.00000
FN1    141.34950    144.00000     -0.07280      1.00000
FN1    139.78950    142.80000     -0.09624      1.00000
FN1    139.17450    143.49000     -0.09406      1.00000
FN1    145.44450    142.41000     -0.06308      1.00000
FN1    143.34450    141.64500     -0.08287      1.00000
FN1    138.78450    141.30000     -0.08862      1.00000
FN1    147.55950    141.01500     -0.08568      1.00000
FN1    142.44450    140.62500     -0.09114      1.00000
FN1    142.11450    143.35500     -0.11234      1.00000
FN1    147.43950    139.72500     -0.11987      1.00000
FN1    147.09450    138.45000     -0.10020      1.00000
FN1    138.07950    157.81500     -0.05280      1.00000
FN1    149.53950    138.49500     -0.08475      1.00000
FN1    144.93450    137.85000     -0.10060      1.00000
FN1    150.90450    157.29000     -0.07159      1.00000
FN1    150.60450    137.35500     -0.10138      1.00000
FN1    138.48450    137.29500     -0.07108      1.00000
FN1    148.30950    137.11500     -0.11755      1.00000
FN1    143.46450    135.99000     -0.13271      1.00000
FN1    144.51450    135.33000     -0.08486      1.00000
FN1    147.67950    134.79000     -0.09025      1.00000
FN1    143.25450    134.26500     -0.09078      1.00000
FN1    151.56450    134.23500     -0.12507      1.00000
FN1    143.88450    133.12500     -0.07217      1.00000
FN1    140.52450    132.42000     -0.11397      1.00000
FN1    138.75450    131.91000     -0.05936      1.00000
FN1    145.93950    131.25000     -0.10065      1.00000
FN1    150.84450    130.18500     -0.10516      1.00000
FN1    138.42450    155.97000     -0.08676      1.00000
FN1    149.68950    155.77500     -0.11462      1.00000
FN1    142.92450    155.20500     -0.09657      1.00000
FN1    141.31950    155.08500     -0.07737      1.00000
FN1    150.84450    154.96500     -0.11019      1.00000
FN1    149.95950    153.58500     -0.13701      1.00000
FN1    143.52450    152.07000     -0.04221      1.00000
FN1    150.24450    151.98000     -0.10836      1.00000
FN1    148.23450    151.81500     -0.10308      1.00000
FN1    141.73950    151.59000     -0.09931      1.00000
FN1    139.42950    151.41000     -0.10496      1.00000
FN1    138.88950    149.88000     -0.09866      1.00000
FN1    144.01950    149.46000     -0.10111      1.00000
FN1    148.02450    149.31000     -0.14508      1.00000
FN1    144.85950    148.05000     -0.10985      1.00000
FN1    151.17450    147.78000     -0.05971      1.00000
FN1    150.76950    157.72500     -0.18239      1.00000
FN1    146.01450    146.17500     -0.09905      1.00000
FN1    149.17950    145.24500     -0.11332      1.00000
FN1    142.39950    144.78000     -0.15131      1.00000
FN1    139.60950    144.55500     -0.13392      1.00000
FN1    143.76450    142.44000     -0.11442      1.00000
FN1    145.08450    141.93000     -0.11031      1.00000
FN1    151.20450    142.06500     -0.13563      1.00000
FN1    142.90950    141.63000     -0.12557      1.00000
FN1    151.59450    141.18000     -0.04163      1.00000
FN1    145.86450    140.92500     -0.13309      1.00000
FN1    137.97450    139.65000     -0.11813      1.00000
FN1    150.79950    139.14000     -0.09931      1.00000
FN1    143.34450    136.83000     -0.10143      1.00000
FN1    148.23450    136.75500     -0.12444      1.00000
FN1    142.63950    136.08000     -0.06138      1.00000
FN1    141.60450    135.66000     -0.13863      1.00000
FN1    141.39450    156.42000     -0.14884      1.00000
FN1    149.34450    135.19500     -0.13642      1.00000
FN1    146.55450    133.99500     -0.13640      1.00000
FN1    150.19950    133.69500     -0.08738      1.00000
FN1    147.79950    133.75500     -0.14664      1.00000
FN1    141.24450    133.45500     -0.12197      1.00000
FN1    147.64950    132.27000     -0.12974      1.00000
FN1    149.11950    131.88000     -0.17771      0.91467
FS1   -140.32950    158.16000     -0.03017      1.00000
FS1   -142.90950    156.00000     -0.04066      1.00000
FS1   -146.46450    155.02500     -0.03236      1.00000
FS1   -145.62450    155.08500      0.03231      1.00000
FS1   -138.85950    154.87500     -0.03170      1.00000
FS1   -139.56450    154.53000     -0.01558      1.00000
FS1   -138.03450    154.21500     -0.04770      1.00000
FS1   -147.27450    153.72000     -0.04323      1.00000
FS1   -144.91950    153.52500     -0.02744      1.00000
FS1   -141.45450    154.11000     -0.01929      1.00000
FS1   -151.72950    153.40500     -0.04338      1.00000
FS1   -137.71950    152.98500     -0.04294      1.00000
FS1   -140.11950    152.67000     -0.06375      1.00000
FS1   -151.95450    152.59500     -0.07293      1.00000
FS1   -151.14450    152.28000     -0.02793      1.00000
FS1   -149.19450    151.72500     -0.03708      1.00000
FS1   -138.31950    151.75500     -0.04195      1.00000
FS1   -144.66450    150.36000     -0.06116      1.00000
FS1   -142.36950    149.35500     -0.08006      1.00000
FS1   -151.30950    149.26500     -0.11608      1.00000
FS1   -145.80450    148.92000     -0.04577      1.00000
FS1   -144.72450    148.66500     -0.03331      1.00000
FS1   -150.03450    148.39500     -0.09305      1.00000
FS1   -138.75450    148.06500     -0.04359      1.00000
FS1   -148.90950    147.90000     -0.09696      1.00000
FS1   -141.28950    147.69000     -0.04344      1.00000
FS1   -143.46450    146.65500     -0.01541      1.00000
FS1   -145.21950    147.04500     -0.06818      1.00000
FS1   -144.34950    146.49000     -0.03336      1.00000
FS1   -142.15950    145.42500     -0.09004      1.00000
FS1   -149.02950    145.42500     -0.03644      1.00000
FS1   -145.57950    157.95000     -0.02418      1.00000
FS1   -139.06950    144.79500     -0.05662      1.00000
FS1   -147.40950    144.49500     -0.05175      1.00000
FS1   -141.12450    144.03000     -0.04723      1.00000
FS1   -143.29950    142.53000     -0.04434      1.00000
FS1   -149.94450    142.36500     -0.05619      1.00000
FS1   -139.50450    141.66000     -0.05039      1.00000
FS1   -149.50950    141.37500     -0.05241      1.00000
FS1   -147.49950    141.22500     -0.04128      1.00000
FS1   -151.14450    156.97500     -0.03614      1.00000
FS1   -143.98950    141.10500     -0.04731      1.00000
FS1   -138.52950    141.45000     -0.02349      1.00000
FS1   -146.04450    140.85000     -0.04189      1.00000
FS1   -145.11450    156.49500     -0.01211      1.00000
FS1   -146.77950    156.43500     -0.02073      1.00000
FS1   -150.82950    140.02500     -0.04491      1.00000
FS1   -138.96450    139.75500     -0.06729      1.00000
FS1   -149.01450    139.65000     -0.04593      1.00000
FS1   -141.36450    139.53000     -0.07824      1.00000
FS1   -149.46450    138.45000     -0.05213      1.00000
FS1   -150.76950    137.35500     -0.05516      1.00000
FS1   -143.55450    137.32500     -0.03807      1.00000
FS1   -142.11450    136.93500     -0.02763      1.00000
FS1   -144.24450    136.84500     -0.04358      1.00000
FS1   -151.20450    136.54500     -0.10280      1.00000
FS1   -144.99450    136.24500     -0.05706      1.00000
FS1   -146.44950    136.24500     -0.04382      1.00000
FS1   -149.70450    135.75000     -0.03014      1.00000
FS1   -146.53950    135.45000     -0.06706      1.00000
FS1   -147.64950    135.27000     -0.01855      1.00000
FS1   -149.38950    134.98500     -0.05297      1.00000
FS1   -151.39950    134.77500     -0.07866      1.00000
FS1   -142.53450    134.71500     -0.02891      1.00000
FS1   -139.48950    134.47500     -0.06572      1.00000
FS1   -145.18950    133.98000     -0.05566      1.00000
FS1   -146.19450    134.20500     -0.06067      1.00000
FS1   -150.66450    134.13000     -0.17363      1.00000
FS1   -137.92950    133.95000     -0.08209      1.00000
FS1   -146.97450    133.51500     -0.04230      1.00000
FS1   -139.53450    132.78000     -0.06356      1.00000
FS1   -145.06950    132.75000     -0.00461      1.00000
FS1   -147.07950    132.46500      0.06289      1.00000
FS1   -147.82950    132.16500     -0.05795      1.00000
FS1   -148.51950    131.91000     -0.06811      1.00000
FS1   -141.36450    131.95500     -0.07507      1.00000
FS1   -138.84450    131.44500     -0.06705      1.00000
FS1   -146.97450    131.29500     -0.05952      1.00000
FS1   -143.08950    130.80000     -0.06837      1.00000
FS1   -137.77950    158.19000     -0.03521      1.00000
FS1   -140.28450    130.20000     -0.04604      1.00000
FS1   -139.45950    156.09000     -0.00570      1.00000
FS1   -144.43950    156.01500      0.02779      1.00000
FS1   -143.17950    155.83500     -0.03281      1.00000
FS1   -137.68950    155.61000     -0.03222      1.00000
FS1   -150.16950    155.40000      0.00690      1.00000
FS1   -141.87450    155.02500     -0.00320      1.00000
FS1   -139.84950    155.05500     -0.00806      1.00000
FS1   -143.25450    155.02500     -0.00903      1.00000
FS1   -149.68950    154.56000     -0.03086      1.00000
FS1   -145.21950    153.88500     -0.02213      1.00000
FS1   -146.37450    153.61500     -0.00598      1.00000
FS1   -138.72450    152.80500     -0.02427      1.00000
FS1   -150.49950    153.01500      0.02498      1.00000
FS1   -140.08950    152.59500     -0.01750      1.00000
FS1   -149.10450    152.76000      0.00909      1.00000
FS1   -142.93950    152.64000     -0.00535      1.00000
FS1   -146.04450    151.93500     -0.01085      1.00000
FS1   -142.12950    151.59000     -0.01834      1.00000
FS1   -149.08950    151.11000     -0.01295      1.00000
FS1   -147.31950    150.64500     -0.00381      1.00000
FS1   -139.75950    150.40500     -0.02340      1.00000
FS1   -141.16950    150.88500     -0.01420      1.00000
FS1   -148.08450    149.80500     -0.04710      1.00000
FS1   -144.67950    149.86500     -0.02669      1.00000
FS1   -148.84950    149.53500     -0.01504      1.00000
FS1   -141.07950    149.55000      0.02418      1.00000
FS1   -150.13950    149.26500     -0.01494      1.00000
FS1   -148.53450    148.32000     -0.02125      1.00000
FS1   -142.15950    147.58500     -0.00783      1.00000
FS1   -149.73450    146.31000     -0.02468      1.00000
FS1   -143.35950    145.66500     -0.03303      1.00000
FS1   -139.03950    145.00500     -0.02726      1.00000
FS1   -138.13950    144.93000     -0.03080      1.00000
FS1   -148.93950    157.75500      0.04400      1.00000
FS1   -137.74950    157.74000     -0.00063      1.00000
FS1   -142.74450    144.18000     -0.01726      1.00000
FS1   -150.16950    143.34000     -0.02558      1.00000
FS1   -139.74450    142.74000     -0.02477      1.00000
FS1   -138.15450    142.20000     -0.03323      1.00000
FS1   -147.09450    142.50000     -0.04986      1.00000
FS1   -148.02450    142.96500     -0.05204      1.00000
FS1   -144.39450    141.34500     -0.01570      1.00000
FS1   -145.50450    157.09500     -0.00369      1.00000
FS1   -147.48450    140.31000     -0.04973      1.00000
FS1   -137.82450    139.80000     -0.03843      1.00000
FS1   -140.37450    139.75500     -0.04019      1.00000
FS1   -145.63950    139.56000     -0.03444      1.00000
FS1   -151.38450    156.96000      0.00423      1.00000
FS1   -144.09450    139.05000     -0.05403      1.00000
FS1   -151.20450    138.57000     -0.02821      1.00000
FS1   -145.15950    138.09000     -0.03591      1.00000
FS1   -146.82450    138.03000     -0.05485      1.00000
FS1   -149.53950    156.87000     -0.06101      1.00000
FS1   -142.95450    137.59500     -0.04835      1.00000
FS1   -139.56450    137.52000     -0.02970      1.00000
FS1   -141.78450    156.60000      0.01351      1.00000
FS1   -138.90450    136.48500     -0.03170      1.00000
FS1   -139.60950    136.15500     -0.04300      1.00000
FS1   -141.49950    135.72000     -0.03543      1.00000
FS1   -146.52450    136.62000     -0.04231      1.00000
FS1   -147.31950    135.31500      0.00687      1.00000
FS1   -144.97950    135.12000     -0.03885      1.00000
FS1   -151.78950    135.00000     -0.03893      1.00000
FS1   -137.77950    134.59500     -0.05506      1.00000
FS1   -140.16450    134.26500     -0.07956      1.00000
FS1   -152.01450    134.19000     -0.07041      1.00000
FS1   -151.18950    133.87500     -0.02939      1.00000
FS1   -149.23950    133.33500     -0.03857      1.00000
FS1   -138.36450    133.36500     -0.04357      1.00000
FS1   -141.48450    132.87000     -0.04741      1.00000
FS1   -144.70950    131.95500     -0.08132      1.00000
FS1   -137.86950    156.54000     -0.02024      1.00000
FS1   -142.39950    130.95000     -0.09921      1.00000
FS1   -151.35450    130.86000     -0.12104      1.00000
FS1   -145.84950    130.53000     -0.05545      1.00000
FS1   -144.76950    130.26000     -0.04893      1.00000
FS1   -150.07950    130.00500     -0.11776      1.00000
FS1   -138.79950    129.67500     -0.05199      1.00000
FS1   -148.95450    129.49500     -0.08701      1.00000
FS2   -179.71050    124.37000      0.19774      1.00000
FS2   -183.73050    124.25000      0.25847      1.00000
FS2   -173.38050    123.00500      0.04586      1.00000
FS2   -181.25550    122.78000      0.20583      1.00000
FS2   -179.96550    122.13500      0.29255      1.00000
FS2   -174.32550    121.59500      0.25325      1.00000
FS2   -181.12050    120.59000      0.27561      1.00000
FS2   -178.57050    119.40500      0.19658      1.00000
FS2   -176.54550    118.98500      0.22242      1.00000
FS2   -183.46050    118.55000      0.25180      1.00000
FS2   -178.73550    117.99500      0.22071      1.00000
FS2   -176.54550    117.78500      0.18565      1.00000
FS2   -177.22050    116.51000      0.17850      1.00000
FS2   -185.66550    116.28500      0.12613      1.00000
FS2   -177.73050    114.80000      0.16318      1.00000
FS2   -172.49550    114.65000      0.18293      1.00000
FS2   -183.40050    115.98500      0.22273      1.00000
FS2   -184.66050    114.06500      0.14125      1.00000
FS2   -175.85550    114.06500      0.25496      1.00000
FS2   -185.51550    113.33000      0.19816      1.00000
FS2   -171.91050    113.18000      0.20368      1.00000
FS2   -171.65550    111.71000      0.15807      1.00000
FS2   -179.03550    111.65000      0.16064      1.00000
FS2   -177.20550    111.72500      0.19817      1.00000
FS2   -184.96050    111.09500      0.02475      1.00000
FS2   -173.00550    110.85500      0.18481      1.00000
FS2   -177.95550    110.69000      0.18807      1.00000
FS2   -176.72550    109.82000      0.13135      1.00000
FS2   -182.77050    109.52000      0.18906      1.00000
FS2   -180.59550    109.28000      0.17462      1.00000
FS2   -172.12050    108.29000      0.22017      1.00000
FS2   -180.65550    107.57000      0.17312      1.00000
FS2   -172.39050    107.40500      0.18763      1.00000
FS2   -185.42550    105.87500      0.16487      1.00000
FS2   -181.06050    106.11500      0.16109      1.00000
FS2   -175.06050    125.46500      0.22981      1.00000
FS2   -176.63550    105.12500      0.14385      1.00000
FS2   -185.21550    125.28500      0.20189      1.00000
FS2   -183.94050    102.99500      0.23116      1.00000
FS2   -172.61550    102.78500      0.10446      1.00000
FS2   -176.59050    102.62000      0.00938      1.00000
FS2   -173.62050    102.72500      0.20455      1.00000
FS2   -181.30050    102.48500      0.18760      1.00000
FS2   -181.61550    101.75000      0.15129      1.00000
FS2   -183.35550    101.61500      0.14032      1.00000
FS2   -184.94550    101.57000      0.18725      1.00000
FS2   -179.62050    101.46500      0.16862      1.00000
FS2   -180.76050    101.37500      0.17283      1.00000
FS2   -175.33050    101.13500      0.21472      1.00000
FS2   -180.55050    100.32500      0.09679      1.00000
FS2   -183.83550    100.34000      0.18436      1.00000
FS2   -174.05550    100.25000      0.20982      1.00000
FS2   -179.66550     99.53000      0.18001      1.00000
FS2   -181.48050     99.29000      0.14955      1.00000
FS2   -173.74050     98.75000      0.13827      1.00000
FS2   -173.23050    122.82500      0.18384      1.00000
FS2   -185.53050    122.16500      0.21137      1.00000
FS2   -176.44050    122.15000      0.19306      1.00000
FS2   -174.08550    120.69500      0.11068      1.00000
FS2   -177.25050    118.88000      0.13112      1.00000
FS2   -180.43050    118.41500      0.19687      1.00000
FS2   -176.14050    117.05000      0.25461      1.00000
FS2   -174.47550    116.34500      0.21561      1.00000
FS2   -172.13550    125.88500      0.24951      1.00000
FS2   -172.58550    114.60500      0.16730      1.00000
FS2   -175.52550    114.44000      0.19451      1.00000
FS2   -173.68050    116.55500      0.24117      1.00000
FS2   -173.60550    113.40500      0.21562      1.00000
FS2   -176.26050    112.29500      0.09073      1.00000
FS2   -183.86550    112.08500      0.14006      1.00000
FS2   -179.09550    111.98000      0.21050      1.00000
FS2   -176.51550    111.32000      0.18047      1.00000
FS2   -177.11550    124.98500      0.17495      1.00000
FS2   -177.56550    117.45500      0.19100      1.00000
FS2   -174.41550    110.88500      0.16541      1.00000
FS2   -179.32050    109.49000      0.30256      0.96319
FS2   -174.25050    109.13000      0.15826      1.00000
FS2   -184.16550    108.56000      0.26014      1.00000
FS2   -181.85550    108.47000      0.16776      1.00000
FS2   -179.77050    108.12500      0.16761      1.00000
FS2   -174.35550    108.09500      0.23902      1.00000
FS2   -181.07550    123.57500      0.23123      1.00000
FS2   -175.07550    107.01500      0.15949      1.00000
FS2   -185.23050    106.83500      0.12061      1.00000
FS2   -183.38550    106.76000      0.26512      1.00000
FS2   -179.71050    105.93500      0.15769      1.00000
FS2   -183.74550    105.80000      0.18406      1.00000
FS2   -173.38050    104.57000      0.04918      1.00000
FS2   -181.25550    104.34500      0.14401      1.00000
FS2   -179.98050    103.68500      0.23680      1.00000
FS2   -174.32550    103.16000      0.22610      1.00000
FS2   -184.72050    102.77000      0.25005      1.00000
FS2   -181.13550    102.17000      0.26372      1.00000
FS2   -178.57050    100.97000      0.18053      1.00000
FS2   -176.54550    100.56500      0.21587      1.00000
FS2   -183.46050    100.11500      0.21455      1.00000
FS2   -178.73550     99.54500      0.19589      1.00000
FS2   -176.54550     99.35000      0.18118      1.00000
FS2   -177.22050     98.07500      0.16869      1.00000
FS2   -185.66550     97.88000      0.13177      1.00000
FS3   -211.92150     29.84000     -0.14512      1.00000
FS3   -207.15150     29.30000     -0.14156      1.00000
FS3   -216.40650     29.24000     -0.11977      1.00000
FS3   -211.63650     29.07500     -0.13929      1.00000
FS3   -215.35650     28.73000     -0.18706      0.93972
FS3   -217.99650     27.89000     -0.08756      1.00000
FS3   -209.25150     27.62000     -0.11992      1.00000
FS3   -212.35650     27.42500     -0.12846      1.00000
FS3   -218.85150     26.39000     -0.10624      1.00000
FS3   -215.91150     25.74500     -0.13604      1.00000
FS3   -219.70650     25.50500     -0.08989      1.00000
FS3   -215.41650     24.80000     -0.11692      1.00000
FS3   -217.72650     25.05500     -0.09395      1.00000
FS3   -218.98650     24.98000     -0.03189      1.00000
FS3   -209.80650     23.94500     -0.15165      1.00000
FS3   -208.48650     23.73500     -0.14416      1.00000
FS3   -213.00150     23.42000     -0.12932      1.00000
FS3   -207.64650     23.03000     -0.15220      1.00000
FS3   -212.02650     22.85000     -0.13580      1.00000
FS3   -209.28150     22.41500     -0.12350      1.00000
FS3   -212.32650     22.16000     -0.10817      1.00000
FS3   -214.30650     21.86000     -0.14954      1.00000
FS3   -211.15650     21.45500     -0.13538      1.00000
FS3   -212.13150     18.35000     -0.12457      1.00000
FS3   -210.19650     17.66000     -0.13989      1.00000
FS3   -208.30650     17.54000     -0.12852      1.00000
FS3   -212.49150     16.16000     -0.16076      1.00000
FS3   -210.73650     15.87500     -0.12124      1.00000
FS3   -217.63650     14.96000     -0.10043      1.00000
FS3   -205.62150     14.88500     -0.15575      1.00000
FS3   -210.13650     14.70500     -0.14377      1.00000
FS3   -206.43150     14.16500     -0.05606      1.00000
FS3   -211.54650     12.75500     -0.14496      1.00000
FS3   -210.72150     12.29000     -0.13917      1.00000
FS3   -215.59650     10.85000     -0.11535      1.00000
FS3   -214.26150     10.62500     -0.10666      1.00000
FS3   -216.82650     10.52000     -0.10015      1.00000
FS3   -207.45150      9.96500     -0.15506      1.00000
FS3   -212.95650     10.10000     -0.14514      1.00000
FS3   -209.47650     10.02500     -0.17510      1.00000
FS3   -210.12150      8.78000     -0.14191      1.00000
FS3   -213.63150      8.49500     -0.12221      1.00000
FS3   -218.61150      8.15000     -0.08799      1.00000
FS3   -216.19650      8.04500     -0.12230      1.00000
FS3   -212.58150      7.94000     -0.11857      1.00000
FS3   -206.61150      7.68500     -0.16488      1.00000
FS3   -209.14650      7.10000     -0.15051      1.00000
FS3   -211.90650      6.80000     -0.13185      1.00000
FS3   -214.23150      6.24500     -0.14313      1.00000
FS3   -216.28650      5.97500     -0.12913      1.00000
FS3   -207.00150      4.86500     -0.17001      1.00000
FS3   -216.57150      4.76000     -0.12563      1.00000
FS3   -217.86150      3.60500     -0.14473      1.00000
FS3   -219.19650      2.34500     -0.09568      1.00000
FS3   -208.95150      2.21000     -0.15411      1.00000
FS3   -212.08650     29.25500     -0.08210      1.00000
FS3   -211.95150     28.55000     -0.11701      1.00000
FS3   -212.79150     28.28000     -0.11057      1.00000
FS3   -216.33150     27.89000     -0.02784      1.00000
FS3   -211.23150     26.91500     -0.09702      1.00000
FS3   -216.88650     26.76500     -0.04116      1.00000
FS3   -214.93650     25.59500     -0.09222      1.00000
FS3   -207.97650     25.64000     -0.09619      1.00000
FS3   -216.18150     25.17500     -0.09459      1.00000
FS3   -212.68650     24.71000     -0.12370      1.00000
FS3   -210.81150     24.39500     -0.09833      1.00000
FS3   -217.86150     24.32000     -0.02532      1.00000
FS3   -207.82650     24.15500     -0.09791      1.00000
FS3   -208.96650     23.87000     -0.11745      1.00000
FS3   -211.60650     21.36500     -0.12529      1.00000
FS3   -218.67150     20.88500     -0.02368      1.00000
FS3   -206.92650     19.13000     -0.14041      1.00000
FS3   -211.80150     18.50000     -0.13948      1.00000
FS3   -215.07150     17.81000     -0.09496      1.00000
FS3   -212.91150     17.75000     -0.10488      1.00000
FS3   -212.19150     17.70500     -0.10836      1.00000
FS3   -215.89650     17.51000     -0.14343      1.00000
FS3   -210.13650     17.28500     -0.11983      1.00000
FS3   -209.80650     16.34000     -0.09130      1.00000
FS3   -219.64650     15.66500     -0.04344      1.00000
FS3   -206.95650     15.21500     -0.11740      1.00000
FS3   -214.23150     15.21500     -0.09646      1.00000
FS3   -209.17650     15.41000     -0.13384      1.00000
FS3   -215.76150     16.13000     -0.08997      1.00000
FS3   -211.68150     14.79500     -0.11730      1.00000
FS3   -207.09150     14.19500     -0.07181      1.00000
FS3   -210.36150     13.85000     -0.08664      1.00000
FS3   -213.22650     13.56500     -0.09303      1.00000
FS3   -209.23650     13.31000     -0.14813      1.00000
FS3   -205.93650     12.92000     -0.12054      1.00000
FS3   -214.84650     12.83000     -0.11153      1.00000
FS3   -210.10650     12.81500     -0.11217      1.00000
FS3   -211.89150     11.40500     -0.12029      1.00000
FS3   -207.45150     30.23000     -0.06402      1.00000
FS3   -216.37650     10.80500     -0.09135      1.00000
FS3   -211.60650     10.64000     -0.11510      1.00000
FS3   -215.31150     10.28000     -0.13638      1.00000
FS3   -217.96650      9.44000     -0.09134      1.00000
FS3   -209.22150      9.18500     -0.10950      1.00000
FS3   -212.31150      8.99000     -0.12323      1.00000
FS3   -210.19650     29.91500     -0.11358      1.00000
FS3   -207.45150      8.09000     -0.13086      1.00000
FS3   -219.76650      7.92500     -0.03129      1.00000
FS3   -218.80650      7.94000     -0.07756      1.00000
FS3   -215.86650      7.31000     -0.09798      1.00000
FS3   -219.67650      7.05500     -0.07934      1.00000
FS3   -217.69650      6.60500     -0.08179      1.00000
FS3   -215.37150      6.36500     -0.09887      1.00000
FS3   -218.95650      6.53000     -0.04440      1.00000
FS3   -209.76150      5.51000     -0.11494      1.00000
FS3   -208.45650      5.30000     -0.11089      1.00000
FS3   -212.95650      4.98500     -0.09460      1.00000
FS3   -207.61650      4.59500     -0.12037      1.00000
FS3   -211.98150      4.40000     -0.11541      1.00000
FS3   -210.46650      4.35500     -0.12860      1.00000
FS3   -209.23650      3.98000     -0.08644      1.00000
FS3   -212.28150      3.72500     -0.08261      1.00000
FS3   -214.27650      3.41000     -0.13959      1.00000
FS3   -211.11150      3.00500     -0.10497      1.00000
FS3   -210.13650      2.36000     -0.09633      1.00000
FS4   -216.97650    -30.23000     -0.15097      0.69220
FS4   -210.90150    -30.92000      0.34511      0.96777
FS4   -216.25650     -5.25500      0.05631      1.00000
FS4   -205.62150     -5.52500      0.21712      1.00000
FS4   -219.57150     -6.11000      0.09006      1.00000
FS4   -210.49650     -6.11000      0.24427      1.00000
FS4   -215.41650     -6.18500      0.14563      1.00000
FS4   -217.24650     -7.05500      0.07751      1.00000
FS4   -205.27650     -7.04000      0.13914      1.00000
FS4   -219.31650     -7.20500      0.46204      0.80206
FS4   -219.67650     -7.91000      0.04397      1.00000
FS4   -207.99150     -8.75000     -0.08760      1.00000
FS4   -211.32150     -8.99000      0.31655      1.00000
FS4   -206.43150     -9.09500      0.08893      1.00000
FS4   -208.83150     -9.72500      0.29872      1.00000
FS4   -211.86150     -9.62000      0.31100      1.00000
FS4   -215.38650     -9.89000     -0.09306      0.97577
FS4   -209.65650    -10.25000      0.14198      1.00000
FS4   -208.14150    -11.55500      0.30010      0.98366
FS4   -217.30650    -12.24500      0.22886      1.00000
FS4   -207.12150    -12.50000      0.16587      1.00000
FS4   -212.29650    -12.56000      0.22546      1.00000
FS4   -217.27650    -15.14000      0.27512      1.00000
FS4   -218.95650    -15.92000      0.17848      1.00000
FS4   -210.15150    -16.20500      0.18852      1.00000
FS4   -216.63150    -15.90500      0.32296      1.00000
FS4   -212.58150    -16.49000      0.27628      1.00000
FS4   -207.24150    -16.98500      0.32865      0.86040
FS4   -217.20150    -17.19500      0.30723      1.00000
FS4   -208.03650    -17.46500      0.16118      1.00000
FS4   -205.83150    -18.30500      0.32465      0.84081
FS4   -214.06650    -19.59500      0.31384      1.00000
FS4   -212.31150    -19.68500      0.20669      1.00000
FS4   -208.17150     -2.96000      0.36274      0.76697
FS4   -210.75150    -20.82500      0.36130      0.86198
FS4   -208.50150    -21.05000      0.15462      1.00000
FS4   -210.01650     -3.26000      0.16078      1.00000
FS4   -214.69650    -23.28500      0.22480      1.00000
FS4   -206.35650     -3.59000      0.19642      1.00000
FS4   -218.05650    -23.70500      0.34933      1.00000
FS4   -217.44150     -3.74000      0.21738      1.00000
FS4   -208.57650    -25.68500     -0.12460      1.00000
FS4   -214.93650    -26.00000      0.33330      1.00000
FS4   -208.39650    -26.64500      0.19756      1.00000
FS4   -216.72150    -27.45500     -0.11685      0.79150
FS4   -205.53150    -27.24500     -0.10730      1.00000
FS4   -208.84650    -27.54500      0.03313      1.00000
FS4   -219.30150    -27.86000      0.24905      1.00000
FS4   -210.36150    -28.32500      0.18387      1.00000
FS4   -206.83650    -28.44500      0.11982      1.00000
FS4   -217.93650    -29.31500      0.30802      1.00000
FS4   -211.20150    -29.82500      0.20143      1.00000
FS4   -210.37650    -30.00500      0.30365      1.00000
FS4   -214.09650    -30.33500      0.21535      1.00000
FS4   -206.82150     -4.46000      0.26118      1.00000
FS4   -212.34150     -4.94000      0.17738      1.00000
FS4   -217.26150    -30.69500      0.25275      1.00000
FS4   -207.06150    -30.95000      0.12720      1.00000
FS4   -212.23650    -31.01000      0.20398      1.00000
FS4   -210.79650     -5.79500      0.15889      1.00000
FS4   -215.67150     -7.23500      0.13593      1.00000
FS4   -214.32150     -7.46000      0.16856      1.00000
FS4   -216.90150     -7.56500      0.30641      1.00000
FS4   -213.03150     -7.98500      0.15950      1.00000
FS4   -207.54150     -8.10500     -0.01787      1.00000
FS4   -209.55150     -8.06000      0.09509      1.00000
FS4   -212.55150     -8.69000      0.13954      1.00000
FS4   -208.65150     -8.82500      0.08878      1.00000
FS4   -213.70650     -9.59000      0.19271      1.00000
FS4   -218.70150     -9.95000      0.01849      1.00000
FS4   -216.28650    -10.04000      0.02433      1.00000
FS4   -212.64150    -10.14500      0.20935      1.00000
FS4   -206.67150    -10.38500      0.25879      1.00000
FS4   -209.22150    -10.97000      0.17756      1.00000
FS4   -214.29150    -11.82500      0.18294      1.00000
FS4   -216.36150    -12.11000      0.31876      1.00000
FS4   -214.83150    -12.92000      0.17514      1.00000
FS4   -216.64650    -13.32500      0.24309      1.00000
FS4   -217.74150     -3.12500     -0.08208      0.90934
FS4   -205.69650     -3.17000      0.11904      1.00000
FS4   -210.22650     -3.36500      0.03991      1.00000
FS4   -219.27150    -15.75500      0.23511      1.00000
FS4   -208.96650    -15.90500      0.12562      1.00000
FS4   -205.98150    -16.20500      0.21277      1.00000
FS4   -205.32150    -17.04500      0.30998      0.85861
FS4   -208.35150    -18.00500      0.03948      1.00000
FS4   -216.46650     -3.92000      0.35965      1.00000
FS4   -215.46150    -18.60500      0.17143      1.00000
FS4   -217.92150    -18.08000      0.35640      1.00000
FS4   -216.28650    -18.21500      0.20320      1.00000
FS4   -208.75650    -19.26500      0.15707      1.00000
FS4   -211.87650    -19.85000      0.21145      1.00000
FS4   -210.45150    -20.36000      0.11743      1.00000
FS4   -208.12650    -21.41000      0.26870      1.00000
FS4   -209.95650    -21.71000      0.15226      1.00000
FS4   -206.29650    -22.04000      0.14399      1.00000
FS4   -217.39650    -22.20500      0.20495      1.00000
FS4   -206.77650    -22.91000      0.22113      1.00000
FS4   -212.29650    -23.40500      0.15762      1.00000
FS4   -216.21150    -23.72000      0.04904      1.00000
FS4   -205.57650    -23.97500      0.15869      1.00000
FS4   -219.51150    -24.57500      0.07162      1.00000
FS4   -210.45150    -24.56000      0.22174      1.00000
FS4   -215.37150    -24.65000      0.11689      1.00000
FS4   -217.18650    -25.52000      0.07390      1.00000
FS4   -219.27150    -25.67000      0.42622      0.96105
FS4   -207.93150    -27.20000     -0.04695      1.00000
FS4   -211.26150    -27.45500      0.25439      1.00000
FS4   -206.38650    -27.54500      0.09733      1.00000
FS4   -211.81650    -28.07000      0.22474      1.00000
FS4   -208.78650    -28.17500      0.26616      1.00000
FS4   -215.31150    -28.35500     -0.06293      1.00000
FS4   -205.26150    -28.53500      0.03675      1.00000
FS4   -209.59650    -28.71500      0.15390      1.00000
FS4   -208.09650    -30.00500      0.23748      1.00000
FS4   -211.62150     -5.33000      0.13470      1.00000
