FN4    220.32150     -3.99500      0.02501      1.00000
FN4    215.83650     -4.50500     -0.03420      1.00000
FN4    214.48650     -6.71000     -0.00603      1.00000
FN4    209.14650     -8.09000      0.00768      1.00000
FN4    216.25650    -11.34500     -0.02255      1.00000
FN4    208.96650    -13.38500     -0.00241      1.00000
FN4    213.93150    -13.46000     -0.01540      1.00000
FN4    212.95650    -14.39000      0.00937      1.00000
FN4    208.20150    -14.88500      0.00266      1.00000
FN4    207.75150     -2.40500      0.02115      1.00000
FN4    209.59650    -17.51000      0.00575      1.00000
FN4    223.33650     -2.78000     -0.01655      1.00000
FN4    209.71650    -19.46000     -0.01705      1.00000
FN4    208.63650    -20.01500     -0.02401      1.00000
FN4    218.86650    -24.08000     -0.09200      1.00000
FN4    218.08650    -24.84500     -0.06780      1.00000
FN4    220.69650    -25.59500     -0.10568      1.00000
FN4    207.90150    -28.70000     -0.03623      1.00000
FN4    221.56650    -29.70500     -0.12126      1.00000
FN4    211.21650    -30.15500     -0.06734      1.00000
FN4    210.24150     -3.06500      0.01239      1.00000
FN4    221.74650     -6.60500     -0.00029      0.86177
FN4    214.02150     -7.52000      0.02887      1.00000
FN4    209.86650     -8.37500      0.02293      1.00000
FN4    210.03150    -13.65500      0.05652      1.00000
FN4    211.56150    -14.09000      0.01555      0.83133
FN4    210.96150     -4.85000      0.02545      0.82960
FN4    206.59650    -18.18500     -0.00544      1.00000
FN4    205.48650    -18.39500      0.01276      0.84025
FN4    220.71150    -18.84500     -0.00414      0.84484
FN4    218.32650    -19.29500     -0.06429      1.00000
FN4    219.27150    -19.76000     -0.07186      1.00000
FN4    207.81150    -20.42000      0.01088      1.00000
FN4    210.30150    -21.08000      0.01436      0.99145
FN4    208.32150    -22.46000     -0.00349      1.00000
FN4    211.35150    -23.30000     -0.00051      0.87711
FN4    213.52650    -23.40500     -0.02069      0.98061
FN4    209.22150    -26.10500     -0.01425      0.87278
FN4    216.33150    -29.36000     -0.09311      1.00000
FN4    205.47150    -29.52500     -0.03408      1.00000
FN4    205.50150     -4.94000      0.05963      1.00000
FN4    209.83650    -30.80000     -0.17667      1.00000
FN4    208.00650     -6.92000     -0.03409      1.00000
FN4    206.43150     -7.34000     -0.05279      1.00000
FN4    215.58150     -7.67000     -0.03705      0.99667
FN4    211.99650     -8.42000     -0.05071      0.95676
FN4    207.19650     -9.44000     -0.05103      0.94301
FN4    210.39150    -14.00000     -0.07354      1.00000
FN4    218.65650     -2.75000     -0.02693      0.97601
FN4    216.81150     -4.29500     -0.00329      1.00000
FN4    220.86150    -15.74000     -0.18708      0.99673
FN4    207.49650    -17.61500     -0.08608      1.00000
FN4    222.07650    -17.99000     -0.18219      0.83707
FN4    212.41650    -17.52500     -0.16626      1.00000
FN4    222.58650    -20.04500     -0.21802      1.00000
FN4    215.16150    -20.51000     -0.12930      1.00000
FN4    217.65150    -21.95000     -0.18865      1.00000
FN4    211.33650    -23.12000     -0.14723      0.91253
FN4    208.02150    -23.40500     -0.12146      1.00000
FN4    206.11650    -28.16000     -0.17599      1.00000
FN4    217.44150    -28.37000     -0.19203      1.00000
FN4    205.45650    -30.11000     -0.16435      1.00000
FN4    207.96150     -7.19000     -0.20498      1.00000
FN4    206.05650    -11.94500     -0.21604      1.00000
FN4    217.36650    -12.15500     -0.19547      1.00000
FN4    219.34650    -12.20000     -0.26686      1.00000
FN4    222.46650    -14.28500     -0.29143      0.85168
FN4    209.76150    -14.58500     -0.25112      1.00000
FN4    206.37150    -15.11000     -0.32872      1.00000
FN4    222.52650     -3.83000     -0.17319      1.00000
FN4    220.86150    -15.83000     -0.30524      0.99303
FN4    206.28150    -16.44500     -0.33654      0.86362
FN4    215.11650     -4.31000     -0.18639      0.81831
FN4    218.52150    -17.25500     -0.27872      0.95996
FN4    213.64650    -17.36000     -0.27102      1.00000
FN4    219.12150    -18.05000     -0.29399      1.00000
FN4    221.52150    -18.92000     -0.33412      1.00000
FN4    222.91650    -19.40000     -0.33938      1.00000
FN4    215.38650    -21.14000     -0.29246      1.00000
FN4    220.80150    -21.17000     -0.34057      1.00000
FN4    206.94150    -21.87500     -0.26369      1.00000
FN4    210.69150    -21.99500     -0.22960      0.99059
FN4    207.67650    -22.65500     -0.32163      1.00000
FN4    214.27650    -23.45000     -0.28116      1.00000
FN4    211.75650    -27.71000     -0.33228      1.00000
FN4    211.65150    -29.06000     -0.34299      1.00000
FN4    218.46150    -29.72000     -0.37821      1.00000
FN4    206.04150    -29.85500     -0.35459      0.96732
FN4    217.59150     -5.75000     -0.19185      1.00000
FN3    211.54650     27.50000      0.19849      1.00000
FN3    214.12650     26.69000      0.19583      1.00000
FN3    211.27650     25.91000      0.20159      1.00000
FN3    208.93650     21.11000      0.18129      1.00000
FN3    211.65150     21.06500      0.18201      1.00000
FN3    217.05150     20.37500      0.18413      1.00000
FN3    218.17650     17.93000      0.17898      1.00000
FN3    222.33150     17.75000      0.14509      1.00000
FN3    221.49150     17.42000      0.16762      1.00000
FN3    217.54650     29.15000      0.18492      1.00000
FN3    206.19150     14.82500      0.13980      1.00000
FN3    211.02150     12.84500      0.14433      1.00000
FN3    205.56150     12.77000      0.11578      1.00000
FN3    218.07150     28.29500      0.20633      1.00000
FN3    213.49650      9.42500      0.14560      1.00000
FN3    212.17650      8.54000      0.11699      1.00000
FN3    210.09150      4.04000      0.17323      1.00000
FN3    211.62150      3.62000      0.06423      1.00000
FN3    215.95650      3.42500      0.11880      1.00000
FN3    213.99150     30.26000      0.35185      0.96383
FN3    208.81650     30.18500      0.32983      1.00000
FN3    206.94150     27.89000      0.31927      1.00000
FN3    208.65150     27.80000      0.33728      1.00000
FN3    211.77150     27.26000      0.30811      0.95164
FN3    210.52650     26.91500      0.37853      1.00000
FN3    209.26650     26.28500      0.35439      1.00000
FN3    213.33150     26.13500      0.32159      0.96818
FN3    218.97150     25.79000      0.30445      0.82644
FN3    207.30150     25.76000      0.33663      1.00000
FN3    215.89650     23.49500      0.29421      0.85297
FN3    217.90650     23.25500      0.29467      0.85082
FN3    206.65650     22.76000      0.31422      1.00000
FN3    215.34150     22.25000      0.32074      0.97976
FN3    216.58650     22.95500      0.30801      0.89617
FN3    211.98150     21.72500      0.30109      0.93005
FN3    207.97650     20.72000      0.28993      1.00000
FN3    209.95650     20.43500      0.27962      0.96140
FN3    216.04650     19.92500      0.29281      0.92024
FN3    213.07650     19.44500      0.25450      0.87791
FN3    218.38650     17.81000      0.27399      0.88152
FN3    217.68150     16.82000      0.29312      0.80506
FN3    212.01150     16.04000      0.25291      0.89645
FN3    209.05650     16.05500      0.24792      1.00000
FN3    221.16150     15.62000      0.28890      0.81890
FN3    206.34150     13.49000      0.17653      0.83476
FN3    217.57650     11.12000      0.25918      0.86452
FN3    218.10150     10.28000      0.23690      0.86707
FN3    211.57650      9.47000      0.19348      1.00000
FN3    208.50150      9.08000      0.18677      0.99898
FN3    214.15650      8.66000      0.21554      1.00000
FN3    211.32150      7.88000      0.15946      0.98847
FN3    218.10150      7.82000      0.23593      0.90505
FN3    219.31650      7.70000      0.23311      0.84290
FN3    210.79650      5.46500      0.20896      1.00000
FN3    208.96650      3.08000      0.16780      1.00000
FN3    211.68150      3.02000      0.15084      1.00000
FN3    215.89650      2.96000      0.10643      0.80778
FN3    214.77150      2.88500      0.25944      1.00000
FN3    217.09650      2.37500      0.26047      0.91418
FN3    212.43150     29.82500      0.20277      0.81772
FN3    205.68150     26.84000      0.26478      0.88196
FN3    209.14650     26.67500      0.24604      0.84111
FN3    209.74650     25.26500      0.23319      0.92240
FN3    220.95150     25.19000      0.17929      0.86000
FN3    210.37650     23.33000      0.24965      0.86760
FN3    207.84150     22.55000      0.22463      0.82014
FN3    218.73150     21.84500      0.21341      0.85190
FN3    210.88650     20.88500      0.18593      0.87277
FN3    212.07150     18.66500      0.19480      0.80150
FN3    217.35150     17.51000      0.14622      0.81726
FN3    208.95150     17.60000      0.17019      0.83191
FN3    205.96650     16.16000      0.16382      0.96092
FN3    220.63650     15.92000      0.16479      0.83267
FN3    210.39150     15.78500      0.16267      0.81716
FN3    210.22650     13.58000      0.13149      0.84537
FN3    208.08150     13.19000      0.14513      0.99077
FN3    206.86650     11.94500      0.16212      1.00000
FN3    210.49650     10.11500      0.11307      0.80202
FN3    209.91150      7.34000      0.14261      0.80496
FN3    210.36150      5.96000      0.07964      0.90440
FN3    216.73650      3.47000      0.08355      0.80999
FN3    213.06150     18.90500      0.08835      0.91558
FN3    220.33650     18.75500      0.06131      0.82115
FN2    184.67550    122.69000      0.16474      1.00000
FN2    183.04050    120.33500      0.14739      1.00000
FN2    181.04550    119.49500      0.05815      1.00000
FN2    178.06050    116.27000      0.08364      1.00000
FN2    184.46550    115.52000      0.15685      1.00000
FN2    179.02050    113.84000      0.08476      1.00000
FN2    181.72050    113.60000      0.06457      1.00000
FN2    186.80550    112.23500      0.13019      1.00000
FN2    186.77550    110.70500      0.10788      1.00000
FN2    176.87550    109.71500      0.12728      1.00000
FN2    174.44550    109.65500      0.12970      1.00000
FN2    182.17050    125.58500      0.12856      1.00000
FN2    176.62050    108.63500      0.14898      1.00000
FN2    176.21550    106.67000      0.12467      1.00000
FN2    196.69050    106.65500      0.19787      1.00000
FN2    172.30050    106.50500      0.18258      1.00000
FN2    174.19050    104.16500      0.14597      1.00000
FN2    183.47550    102.87500      0.08810      1.00000
FN2    171.91050    101.45000      0.18701      1.00000
FN2    193.39050    101.42000      0.13000      1.00000
FN2    172.30050    100.85000      0.20068      1.00000
FN2    190.61550    100.35500      0.09997      1.00000
FN2    184.12050     98.96000      0.13784      1.00000
FN2    194.65050     98.73500      0.12882      1.00000
FN2    175.09050    120.80000      0.47534      1.00000
FN2    178.34550    120.44000      0.41766      1.00000
FN2    185.47050    118.92500      0.48754      1.00000
FN2    176.89050    116.46500      0.43337      1.00000
FN2    183.37050    115.02500      0.43057      1.00000
FN2    179.84550    114.12500      0.38417      0.88578
FN2    192.70050    113.94500      0.48926      1.00000
FN2    185.35050    113.69000      0.40543      1.00000
FN2    183.47550    113.31500      0.39483      1.00000
FN2    176.68050    112.91000      0.45715      1.00000
FN2    183.07050    112.19000      0.45365      1.00000
FN2    183.92550    111.89000      0.38927      1.00000
FN2    174.44550    111.03500      0.40658      1.00000
FN2    193.07550    110.93000      0.54470      1.00000
FN2    176.38050    109.26500      0.44319      1.00000
FN2    179.05050    109.25000      0.45334      1.00000
FN2    177.31050    124.92500      0.41916      0.99496
FN2    178.07550    108.35000      0.45346      0.83937
FN2    188.38050    107.04500      0.44076      1.00000
FN2    187.37550    122.42000      0.51574      1.00000
FN2    188.72550    106.28000      0.38456      1.00000
FN2    186.20550    105.75500      0.39909      0.80325
FN2    186.98550    105.56000      0.40479      1.00000
FN2    188.21550    105.50000      0.40991      1.00000
FN2    184.61550    104.64500      0.39877      0.86369
FN2    181.66050    122.09000      0.45356      1.00000
FN2    182.98050    102.29000      0.39626      1.00000
FN2    181.00050    101.45000      0.46072      0.81672
FN2    183.01050    101.06000      0.37320      1.00000
FN2    192.83550    100.19000      0.42016      0.89260
FN2    199.21050     98.45000      0.58959      0.80956
FN2    193.79550     98.24000      0.39098      1.00000
FN2    178.00050     98.22500      0.50854      1.00000
FN2    186.91050    122.45000      0.59306      1.00000
FN2    173.90550    120.87500      0.55212      1.00000
FN2    178.52550    120.50000      0.50444      1.00000
FN2    172.25550    120.47000      0.49350      1.00000
FN2    187.19550    119.30000      0.56109      1.00000
FN2    177.16050    117.21500      0.50257      1.00000
FN2    183.85050    116.64500      0.50719      1.00000
FN2    173.27550    116.33000      0.49648      1.00000
FN2    191.62050    114.98000      0.55459      0.96929
FN2    180.11550    114.27500      0.47125      0.92944
FN2    173.35050    113.61500      0.52976      1.00000
FN2    188.72550    113.48000      0.52003      1.00000
FN2    178.01550    113.48000      0.53838      0.89964
FN2    173.33550    112.49000      0.49291      1.00000
FN2    190.66050    111.72500      0.55699      1.00000
FN2    178.40550    124.74500      0.53034      1.00000
FN2    177.67050    123.87500      0.49589      1.00000
FN2    197.26050    104.73500      0.50129      0.84223
FN2    195.26550    103.91000      0.52227      1.00000
FN2    184.00050    103.68500      0.47366      1.00000
FN2    197.27550    103.50500      0.50950      1.00000
FN2    190.70550    100.89500      0.46642      0.88923
FN2    192.29550    100.67000      0.44393      1.00000
FN2    187.91550     99.54500      0.46179      1.00000
FN2    196.55550     99.03500      0.50015      1.00000
FN2    186.38550     98.58500      0.46738      0.99859
FN2    193.24050     98.24000      0.45604      1.00000
FN2    191.62050     98.10500      0.44894      1.00000
FN2    195.94050     98.04500      0.45436      1.00000
FN2    180.53550    126.11000      0.56722      0.85878
FN2    176.35050    122.67500      0.67648      1.00000
FN2    190.75050    117.12500      0.68954      1.00000
FN2    172.51050    115.59500      0.64984      0.94589
FN2    174.92550    115.07000      0.62371      1.00000
FN2    175.99050    114.95000      0.57623      1.00000
FN2    186.43050    114.81500      0.59223      0.86653
FN2    184.01550    113.84000      0.57657      1.00000
FN2    184.39050    112.47500      0.55610      1.00000
FN2    173.92050    111.66500      0.46911      1.00000
FN2    179.71050    110.34500      0.58687      0.86405
FN2    188.71050    110.28500      0.58693      0.94839
FN2    190.90050    109.26500      0.59608      1.00000
FN2    190.49550    107.30000      0.55591      0.89813
FN2    181.04550    107.09000      0.49801      1.00000
FN2    178.30050    106.41500      0.49807      0.98952
FN2    184.60050    105.24500      0.54703      1.00000
FN2    191.47050    105.05000      0.53889      1.00000
FN2    188.47050    104.79500      0.48342      1.00000
FN2    186.59550    103.23500      0.52122      1.00000
FN2    178.48050    100.61000      0.55043      1.00000
FN2    188.66550     98.85500      0.50064      1.00000
FN2    178.16550     97.95500      0.44406      1.00000
FN1    154.56450    154.20000      0.31405      1.00000
FN1    150.72450    152.61000      0.37190      1.00000
FN1    138.73950    151.45500      0.29156      1.00000
FN1    162.87450    150.39000      0.33325      1.00000
FN1    156.81450    149.59500      0.35051      1.00000
FN1    161.76450    149.07000      0.33113      1.00000
FN1    153.34950    147.88500      0.35424      1.00000
FN1    146.79450    147.34500      0.31839      1.00000
FN1    149.22450    147.18000      0.33985      1.00000
FN1    159.33450    147.09000      0.35710      1.00000
FN1    155.97450    146.64000      0.36159      1.00000
FN1    141.84450    157.32000      0.29256      1.00000
FN1    157.26450    143.98500      0.37423      1.00000
FN1    140.50950    143.88000      0.30537      1.00000
FN1    144.13950    156.96000      0.27638      1.00000
FN1    144.63450    143.26500      0.34949      1.00000
FN1    159.58950    156.54000      0.29258      1.00000
FN1    160.72950    142.87500      0.37533      1.00000
FN1    142.30950    142.65000      0.34818      1.00000
FN1    139.03950    142.38000      0.27059      1.00000
FN1    166.38450    141.97500      0.36665      1.00000
FN1    156.42450    141.91500      0.39329      1.00000
FN1    157.15950    141.82500      0.37241      1.00000
FN1    152.14950    141.63000      0.35548      1.00000
FN1    144.76950    141.46500      0.28801      1.00000
FN1    153.85950    140.61000      0.38381      1.00000
FN1    148.56450    140.55000      0.34545      1.00000
FN1    164.23950    140.61000      0.39351      1.00000
FN1    140.52450    140.49000      0.27730      1.00000
FN1    143.61450    139.68000      0.32875      1.00000
FN1    163.51950    139.74000      0.38415      1.00000
FN1    146.07450    139.69500      0.36493      1.00000
FN1    165.36450    138.96000      0.38478      1.00000
FN1    149.82450    138.85500      0.35803      1.00000
FN1    150.73950    137.25000      0.34801      1.00000
FN1    159.70950    136.71000      0.41801      1.00000
FN1    158.07450    136.33500      0.35935      1.00000
FN1    143.41950    135.63000      0.32350      1.00000
FN1    152.59950    135.19500      0.38067      1.00000
FN1    153.33450    134.73000      0.38632      1.00000
FN1    141.22950    134.04000      0.29503      1.00000
FN1    162.99450    133.08000      0.38425      1.00000
FN1    140.28450    132.66000      0.28396      1.00000
FN1    163.60950    131.50500      0.41799      1.00000
FN1    149.89950    130.09500      0.36638      1.00000
FN1    156.70950    156.12000      0.70567      0.83948
FN1    151.84950    155.35500      0.71409      1.00000
FN1    140.04450    153.96000      0.65864      1.00000
FN1    158.32950    153.85500      0.71391      1.00000
FN1    148.92450    152.80500      0.70627      1.00000
FN1    139.96950    152.05500      0.66197      1.00000
FN1    150.39450    152.04000      0.70963      0.87105
FN1    143.86950    151.66500      0.68215      1.00000
FN1    142.48950    151.47000      0.82195      0.99775
FN1    164.58450    150.28500      0.71351      1.00000
FN1    146.11950    150.21000      0.69120      1.00000
FN1    154.54950    149.59500      0.73065      1.00000
FN1    157.03950    148.83000      0.76391      0.87287
FN1    144.75450    148.62000      0.65756      0.90949
FN1    142.06950    147.67500      0.71974      1.00000
FN1    154.23450    147.06000      0.73747      1.00000
FN1    162.37950    146.23500      0.76085      1.00000
FN1    157.02450    146.16000      0.78954      0.99319
FN1    158.37450    145.56000      0.75928      1.00000
FN1    142.29450    144.96000      0.67568      1.00000
FN1    146.73450    144.52500      0.69595      0.95526
FN1    145.80450    144.07500      0.66575      1.00000
FN1    160.26450    143.94000      0.76654      1.00000
FN1    159.93450    142.89000      0.76160      1.00000
FN1    147.66450    141.51000      0.71194      1.00000
FN1    158.73450    141.43500      0.76009      0.93175
FN1    153.99450    158.07000      0.68978      1.00000
FN1    166.21950    141.00000      0.75753      1.00000
FN1    144.03450    138.84000      0.69424      1.00000
FN1    138.76950    138.33000      0.85406      0.82975
FN1    153.22950    137.74500      0.71331      1.00000
FN1    165.39450    137.26500      0.75911      1.00000
FN1    154.47450    136.11000      0.73719      1.00000
FN1    163.08450    133.90500      0.78483      1.00000
FN1    162.78450    132.30000      0.75195      1.00000
FN1    156.72450    131.50500      0.74684      0.93351
FN1    161.67450    130.98000      0.75789      1.00000
FN1    154.24950    154.53000      0.83030      1.00000
FN1    158.14950    154.14000      0.83606      0.98623
FN1    156.73950    153.91500      0.83818      1.00000
FN1    147.90450    153.72000      0.78919      0.86830
FN1    160.39950    152.67000      0.84538      1.00000
FN1    159.04950    151.09500      0.84420      1.00000
FN1    148.00950    150.85500      0.81478      1.00000
FN1    156.34950    150.15000      0.86110      0.84888
FN1    150.06450    150.06000      0.76197      0.83820
FN1    140.23950    149.37000      0.77569      0.95985
FN1    157.29450    148.12500      0.83234      1.00000
FN1    147.66450    147.54000      0.81009      1.00000
FN1    144.61950    147.22500      0.84853      1.00000
FN1    156.57450    147.43500      0.85705      1.00000
FN1    161.01450    146.98500      0.85089      1.00000
FN1    160.08450    146.53500      0.84131      1.00000
FN1    143.32950    145.44000      0.75836      1.00000
FN1    147.09450    158.16000      0.77250      1.00000
FN1    138.51450    144.66000      0.77459      1.00000
FN1    145.98450    144.64500      0.79472      1.00000
FN1    161.95950    143.98500      0.85600      0.93521
FN1    139.53450    142.23000      0.80606      1.00000
FN1    156.03450    141.67500      0.87786      1.00000
FN1    147.64950    141.55500      0.81797      0.84986
FN1    138.96450    141.25500      0.75328      1.00000
FN1    138.54450    156.84000      0.79468      1.00000
FN1    147.10950    140.40000      0.82654      1.00000
FN1    154.33950    156.42000      0.82110      1.00000
FN1    161.95950    139.89000      0.85546      1.00000
FN1    143.13450    155.95500      0.81400      1.00000
FN1    144.55950    139.12500      0.73906      1.00000
FN1    145.26450    139.11000      0.78136      0.89216
FN1    152.92950    135.79500      0.79864      0.95021
FN1    147.34950    134.88000      0.82479      0.88882
FN1    145.47450    133.89000      0.77579      1.00000
FN1    139.39950    133.65000      0.73799      1.00000
FN1    155.28450    132.94500      0.89101      0.92901
FN1    145.57950    132.60000      0.77732      1.00000
FN1    146.37450    155.20500      0.71474      1.00000
FN1    160.98450    131.71500      0.83440      0.90363
FN1    163.42950    131.55000      0.84994      0.83235
FN1    156.12450    157.96500      1.00366      1.00000
FN1    147.19950    156.70500      0.96929      1.00000
FN1    149.73450    156.13500      0.99827      1.00000
FN1    144.64950    155.43000      1.00122      1.00000
FN1    139.66950    154.45500      0.97467      1.00000
FN1    147.43950    151.18500      0.97184      0.91214
FN1    145.56450    150.19500      0.97108      1.00000
FN1    139.48950    149.95500      0.94429      1.00000
FN1    145.66950    148.90500      0.95978      1.00000
FN1    161.07450    148.00500      0.96919      1.00000
FN1    163.51950    147.82500      0.98539      1.00000
FN1    149.70450    146.16000      0.96120      1.00000
FN1    152.88450    145.03500      0.94758      1.00000
FN1    162.30450    144.69000      0.95343      0.83860
FN1    154.80450    144.52500      0.99129      1.00000
FN1    158.91450    143.91000      0.98184      1.00000
FN1    164.16450    143.74500      0.96396      1.00000
FN1    147.73950    157.86000      0.96839      1.00000
FN1    166.60950    143.53500      0.95218      0.85974
FN1    139.68450    143.40000      0.94470      1.00000
FN1    156.58950    143.28000      0.91576      1.00000
FN1    153.33450    143.02500      0.94811      1.00000
FN1    166.42950    142.27500      0.96688      1.00000
FN1    154.11450    142.12500      0.96433      1.00000
FN1    159.01950    142.11000      0.96857      1.00000
FN1    159.85950    141.81000      0.93060      1.00000
FN1    161.91450    141.49500      0.98168      1.00000
FN1    162.85950    141.19500      0.98594      1.00000
FN1    154.80450    141.13500      0.95251      1.00000
FN1    158.41950    157.60500      0.96185      1.00000
FN1    146.08950    140.67000      0.92305      1.00000
FN1    139.17450    140.41500      0.88771      1.00000
FN1    157.89450    140.32500      0.96809      1.00000
FN1    160.35450    140.34000      0.96975      0.95635
FN1    165.85950    139.87500      0.95621      1.00000
FN1    164.10450    139.50000      0.98206      1.00000
FN1    139.05450    157.57500      0.91187      1.00000
FN1    165.03450    137.89500      0.99157      1.00000
FN1    151.39950    137.71500      0.93135      1.00000
FN1    159.00450    137.07000      0.96820      1.00000
FN1    150.43950    136.36500      0.92653      1.00000
FN1    164.76450    136.29000      0.99357      1.00000
FN1    157.69950    136.27500      0.95446      1.00000
FN1    160.12950    134.85000      0.92117      1.00000
FN1    155.50950    134.70000      0.93798      0.88863
FN1    154.56450    133.30500      0.93624      0.89718
FN1    160.02450    132.01500      0.94279      0.90966
FN1    153.06450    131.94000      0.96968      1.00000
FN1    162.91950    131.76000      0.94622      1.00000
FN1    142.65450    131.11500      0.91055      1.00000
FS1   -144.67950    157.14000      0.12633      1.00000
FS1   -139.78950    156.49500      0.16843      1.00000
FS1   -146.17950    155.20500      0.15646      1.00000
FS1   -155.38950    154.38000      0.15325      1.00000
FS1   -155.44950    153.13500      0.14721      1.00000
FS1   -160.62450    152.83500      0.11489      1.00000
FS1   -155.35950    151.09500      0.13182      1.00000
FS1   -151.20450    150.96000      0.16720      1.00000
FS1   -143.85450    150.72000      0.17564      1.00000
FS1   -159.19950    150.81000      0.14487      1.00000
FS1   -146.14950    150.72000      0.17839      1.00000
FS1   -154.09950    150.57000      0.14389      1.00000
FS1   -149.95950    149.50500      0.17890      1.00000
FS1   -160.47450    149.11500      0.17162      1.00000
FS1   -155.49450    148.23000      0.17785      1.00000
FS1   -162.58950    147.27000      0.24090      1.00000
FS1   -146.95950    146.68500      0.18938      1.00000
FS1   -149.53950    145.68000      0.18355      1.00000
FS1   -142.42950    144.55500      0.20940      1.00000
FS1   -151.68450    144.15000      0.25080      1.00000
FS1   -144.00450    143.89500      0.21242      1.00000
FS1   -153.78450    141.96000      0.20478      1.00000
FS1   -138.33450    141.54000      0.23932      1.00000
FS1   -159.00450    141.57000      0.21186      1.00000
FS1   -146.86950    141.30000      0.22593      1.00000
FS1   -150.34950    140.02500      0.24386      1.00000
FS1   -163.05450    139.11000      0.23179      1.00000
FS1   -153.73950    138.57000      0.23140      1.00000
FS1   -147.46950    138.19500      0.27565      1.00000
FS1   -165.19950    135.97500      0.21253      1.00000
FS1   -154.56450    135.52500      0.25587      1.00000
FS1   -147.54450    134.88000      0.27484      1.00000
FS1   -143.14950    132.66000      0.28225      1.00000
FS1   -158.22450    132.21000      0.23168      1.00000
FS1   -160.26450    130.06500      0.25987      1.00000
FS1   -138.64950    154.83000      0.64615      0.81030
FS1   -139.56450    154.78500      0.66452      0.85011
FS1   -156.24450    154.35000      0.60547      1.00000
FS1   -148.89450    151.80000      0.60144      1.00000
FS1   -160.36950    151.35000      0.61252      0.99020
FS1   -140.52450    150.76500      0.62349      1.00000
FS1   -146.79450    150.60000      0.58997      1.00000
FS1   -155.01450    150.40500      0.64393      0.96572
FS1   -162.46950    149.98500      0.59636      0.91490
FS1   -158.22450    149.83500      0.65650      1.00000
FS1   -156.51450    149.19000      0.57073      1.00000
FS1   -143.40450    148.45500      0.58819      1.00000
FS1   -157.93950    148.32000      0.60037      1.00000
FS1   -142.33950    147.03000      0.64551      1.00000
FS1   -149.23950    146.50500      0.64576      1.00000
FS1   -154.83450    145.51500      0.60514      0.93089
FS1   -141.63450    145.41000      0.63165      1.00000
FS1   -144.30450    145.15500      0.62810      1.00000
FS1   -142.92450    145.06500      0.64341      1.00000
FS1   -160.23450    143.79000      0.61120      1.00000
FS1   -163.69950    142.54500      0.63607      1.00000
FS1   -157.60950    142.36500      0.61034      0.93055
FS1   -156.03450    142.35000      0.61823      1.00000
FS1   -148.86450    141.57000      0.65517      1.00000
FS1   -140.86950    140.86500      0.64978      1.00000
FS1   -163.62450    140.74500      0.60454      0.83633
FS1   -148.62450    140.19000      0.66410      1.00000
FS1   -154.51950    157.08000      0.60808      1.00000
FS1   -144.70950    138.78000      0.63196      1.00000
FS1   -139.83450    138.15000      0.68650      1.00000
FS1   -163.11450    136.83000      0.63451      0.90401
FS1   -147.58950    136.81500      0.73884      1.00000
FS1   -155.43450    136.02000      0.67090      0.98692
FS1   -155.49450    134.77500      0.67887      1.00000
FS1   -160.66950    134.46000      0.57389      1.00000
FS1   -155.40450    132.73500      0.68864      1.00000
FS1   -151.23450    132.60000      0.69807      1.00000
FS1   -146.19450    132.36000      0.66900      0.86508
FS1   -154.12950    132.21000      0.71853      1.00000
FS1   -157.27950    132.21000      0.71161      0.92539
FS1   -149.98950    131.14500      0.72323      1.00000
FS1   -160.51950    130.77000      0.67521      1.00000
FS1   -155.52450    129.90000      0.72785      1.00000
FS1   -149.43450    152.94000      0.66020      0.90456
FS1   -140.74950    152.86500      0.71428      1.00000
FS1   -139.41450    151.36500      0.72725      0.93801
FS1   -163.50450    150.09000      0.70289      1.00000
FS1   -138.27450    148.65000      0.73373      1.00000
FS1   -142.09950    148.35000      0.71282      0.92744
FS1   -140.55450    147.99000      0.71711      1.00000
FS1   -159.73950    145.41000      0.72155      1.00000
FS1   -141.76950    144.81000      0.74967      1.00000
FS1   -153.73950    144.40500      0.71023      0.94660
FS1   -147.82950    143.41500      0.73103      0.93581
FS1   -149.35950    143.20500      0.73221      1.00000
FS1   -159.04950    140.91000      0.72328      0.84600
FS1   -157.96950    139.62000      0.74295      0.95316
FS1   -149.58450    139.75500      0.75629      1.00000
FS1   -154.81950    139.77000      0.71507      0.85405
FS1   -148.84950    139.29000      0.75419      1.00000
FS1   -156.72450    138.78000      0.70835      1.00000
FS1   -155.82450    138.58500      0.72439      0.95881
FS1   -141.16950    138.48000      0.76198      1.00000
FS1   -161.23950    138.21000      0.72249      1.00000
FS1   -141.22950    137.23500      0.76184      1.00000
FS1   -153.31950    157.44000      0.72560      1.00000
FS1   -141.13950    135.21000      0.74346      1.00000
FS1   -144.96450    134.92500      0.75843      1.00000
FS1   -152.70450    134.68500      0.72972      1.00000
FS1   -139.86450    134.67000      0.73030      1.00000
FS1   -139.53450    132.91500      0.74603      0.82426
FS1   -161.25450    132.36000      0.70476      0.96988
FS1   -141.25950    132.33000      0.75483      1.00000
FS1   -148.35450    131.37000      0.86966      1.00000
FS1   -154.57950    129.93000      0.80582      1.00000
FS1   -141.18450    153.75000      0.94384      1.00000
FS1   -139.50450    149.44500      0.91517      0.90153
FS1   -162.33450    142.00500      0.91421      0.98056
FS1   -156.30450    138.84000      0.98913      0.98509
FS1   -150.93450    136.59000      0.96876      1.00000
FS1   -143.85450    136.48500      1.02338      1.00000
FS1   -158.38950    136.47000      0.98641      1.00000
FS1   -140.28450    136.14000      0.95873      1.00000
FS1   -138.84450    133.53000      0.92775      1.00000
FS1   -143.95950    132.82500      0.97397      0.80536
FS1   -156.01950    132.25500      0.95133      0.80417
FS1   -144.12450    131.80500      0.96804      0.94032
FS2   -184.03050    123.60500      0.41590      1.00000
FS2   -180.73050    123.30500      0.41997      1.00000
FS2   -188.15550    120.90500      0.40034      1.00000
FS2   -175.66050    120.69500      0.43994      1.00000
FS2   -174.10050    120.26000      0.43421      1.00000
FS2   -188.24550    119.61500      0.39118      1.00000
FS2   -187.79550    118.65500      0.40643      1.00000
FS2   -178.82550    117.50000      0.43890      1.00000
FS2   -190.72050    117.33500      0.37620      1.00000
FS2   -184.48050    115.34000      0.41535      1.00000
FS2   -182.23050    113.76500      0.44493      1.00000
FS2   -174.31050    113.37500      0.43253      1.00000
FS2   -191.77050    113.30000      0.36347      1.00000
FS2   -188.72550    113.25500      0.29887      1.00000
FS2   -172.82550    113.66000      0.43557      1.00000
FS2   -194.69550    112.35500      0.37087      1.00000
FS2   -193.01550    109.95500      0.38824      1.00000
FS2   -172.13550    108.47000      0.41095      1.00000
FS2   -181.97550    108.38000      0.41418      1.00000
FS2   -174.14550    107.73500      0.41133      1.00000
FS2   -172.42050    107.33000      0.39693      1.00000
FS2   -197.59050    107.13500      0.33371      1.00000
FS2   -190.91550    106.71500      0.38369      1.00000
FS2   -189.89550    106.49000      0.38298      1.00000
FS2   -171.80550    105.89000      0.39751      1.00000
FS2   -192.14550    105.12500      0.40231      1.00000
FS2   -192.92550    102.66500      0.31056      1.00000
FS2   -196.21050    102.35000      0.37848      1.00000
FS2   -181.03050    102.24500      0.36839      1.00000
FS2   -183.83550    101.34500      0.36684      1.00000
FS2   -194.00550    101.12000      0.32867      1.00000
FS2   -194.84550    100.73000      0.36305      1.00000
FS2   -172.13550    100.28000      0.37955      1.00000
FS2   -174.65550    100.16000      0.37654      1.00000
FS2   -192.40050     99.26000      0.39341      1.00000
FS2   -173.18550     98.51000      0.35426      1.00000
FS2   -175.60050     98.43500      0.39387      1.00000
FS2   -184.60050     97.73000      0.41728      1.00000
FS2   -172.12050    123.96500      0.80924      1.00000
FS2   -176.87550    123.08000      0.81265      1.00000
FS2   -183.04050    121.83500      0.77737      0.96987
FS2   -172.21050    121.55000      0.79611      0.95296
FS2   -189.20550    120.78500      0.74800      0.89530
FS2   -180.85050    120.20000      0.79692      0.97954
FS2   -177.83550    119.67500      0.82000      0.99722
FS2   -190.21050    119.37500      0.73178      0.97405
FS2   -192.17550    117.26000      0.75798      0.99854
FS2   -189.92550    117.17000      0.75400      1.00000
FS2   -172.55550    116.57000      0.78131      0.90945
FS2   -185.15550    116.36000      0.70559      0.96877
FS2   -182.36550    114.89000      0.77214      1.00000
FS2   -174.34050    114.06500      0.64631      0.83168
FS2   -174.86550    112.52000      0.74472      0.87731
FS2   -192.16050    112.04000      0.74450      0.86747
FS2   -194.00550    111.56000      0.71582      1.00000
FS2   -182.21550    110.97500      0.76849      1.00000
FS2   -179.33550    124.56500      0.76282      0.90907
FS2   -173.78550    109.76000      0.81057      1.00000
FS2   -175.64550    109.37000      0.74859      1.00000
FS2   -179.23050    109.32500      0.75017      0.97099
FS2   -173.08050    108.68000      0.72446      1.00000
FS2   -187.00050    108.62000      0.76950      0.87135
FS2   -188.11050    108.38000      0.71289      0.93201
FS2   -173.72550    107.91500      0.73719      1.00000
FS2   -187.55550    107.78000      0.73475      1.00000
FS2   -192.58050    107.73500      0.71968      1.00000
FS2   -185.95050    107.58500      0.74873      1.00000
FS2   -190.94550    107.06000      0.77792      1.00000
FS2   -189.43050    106.22000      0.74591      1.00000
FS2   -192.34050    105.36500      0.71943      1.00000
FS2   -184.04550    105.21500      0.77758      1.00000
FS2   -175.33050    105.20000      0.77980      0.93429
FS2   -180.73050    104.91500      0.75196      1.00000
FS2   -199.40550    102.45500      0.67296      0.88372
FS2   -195.29550    102.62000      0.73277      1.00000
FS2   -175.66050    102.30500      0.72530      1.00000
FS2   -188.24550    101.22500      0.72235      1.00000
FS2   -187.79550    100.26500      0.74131      1.00000
FS2   -178.81050     99.11000      0.71220      1.00000
FS2   -190.72050     98.93000      0.69191      1.00000
FS2   -186.43050    124.19000      0.87662      1.00000
FS2   -174.94050    123.27500      0.89558      0.81648
FS2   -175.63050    119.66000      0.90022      1.00000
FS2   -188.74050    117.11000      0.85859      1.00000
FS2   -190.03050    115.86500      0.88660      0.90446
FS2   -177.77550    115.85000      0.84997      0.81341
FS2   -185.32050    115.77500      0.84851      0.82172
FS2   -177.86550    114.53000      0.88884      1.00000
FS2   -179.72550    114.03500      0.88554      0.93245
FS2   -171.67050    110.06000      0.82667      0.84233
FS2   -192.46050    108.93500      0.83456      1.00000
FS2   -183.22050    108.80000      0.83304      0.80211
FS2   -182.87550    107.40500      0.83147      0.89691
FS2   -196.54050    104.79500      0.76781      1.00000
FS2   -190.25550    104.75000      0.77998      0.94043
FS2   -198.17550    104.28500      0.70711      0.88831
FS2   -173.51550    102.74000      0.76817      0.96657
FS2   -179.57550    102.05000      0.80067      0.86236
FS2   -178.01550    102.08000      0.74131      0.83629
FS2   -194.93550    101.97500      0.75740      1.00000
FS2   -176.42550    101.42000      0.77842      0.90218
FS2   -199.72050    101.01500      0.75949      0.87579
FS2   -181.85550    100.31000      0.83225      0.80369
FS2   -182.06550     99.03500      0.80660      0.97195
FS2   -182.87550    123.96500      1.05355      1.00000
FS2   -183.95550    122.87000      1.08282      1.00000
FS2   -181.01550    121.65500      1.04534      0.80566
FS2   -185.11050    121.49000      1.04604      0.89308
FS2   -173.87550    121.55000      1.08711      0.92840
FS2   -187.57050    120.36500      1.00967      1.00000
FS2   -173.51550    119.28500      1.05016      1.00000
FS2   -188.00550    118.16000      1.01411      0.81888
FS2   -187.61550    117.29000      1.05429      0.81614
FS2   -181.88550    116.81000      0.98187      0.90523
FS2   -190.52550    113.13500      0.99657      0.80197
FS2   -183.22050    125.34500      1.03644      1.00000
FS2   -182.15550    108.26000      0.99896      0.95264
FS2   -197.42550    105.86000      0.89837      1.00000
FS2   -181.91550    102.98000      0.94766      1.00000
FS2   -185.15550    101.31500      0.94831      1.00000
FS2   -194.71050     98.58500      0.90532      0.99709
FS2   -198.47550     97.71500      0.89421      1.00000
FS3   -209.10150     30.35000      0.08316      1.00000
FS3   -218.40150     23.07500      0.05707      1.00000
FS3   -213.45150     21.54500      0.09491      1.00000
FS3   -209.67150     19.55000      0.10636      1.00000
FS3   -211.36650     18.86000      0.08741      1.00000
FS3   -210.37650     15.08000      0.11466      1.00000
FS3   -210.99150     12.41000      0.08921      1.00000
FS3   -212.62650     11.96000      0.07968      1.00000
FS3   -219.60150     30.06500      0.09012      1.00000
FS3   -208.98150     10.71500      0.07753      1.00000
FS3   -220.53150      9.33500      0.07753      1.00000
FS3   -206.32650     28.01000      0.10626      1.00000
FS3   -211.71150     28.10000      0.07811      1.00000
FS3   -216.85650      7.22000      0.08668      1.00000
FS3   -222.79650      6.95000      0.06519      1.00000
FS3   -219.69150      5.36000      0.06723      1.00000
FS3   -212.26650      4.58000      0.07315      1.00000
FS3   -220.72650      3.53000      0.07850      1.00000
FS3   -211.99650      3.03500      0.04864      1.00000
FS3   -208.36650     29.60000      0.27627      0.87316
FS3   -206.50650     29.36000      0.30607      1.00000
FS3   -215.46150     28.83500      0.35684      1.00000
FS3   -221.55150     26.64500      0.29912      0.87768
FS3   -205.89150     22.43000      0.24073      1.00000
FS3   -212.89650     21.36500      0.24848      1.00000
FS3   -218.10150     19.61000      0.26560      1.00000
FS3   -212.86650     19.50500      0.27068      1.00000
FS3   -219.12150     17.42000      0.26173      0.98157
FS3   -219.28650     15.27500      0.25966      1.00000
FS3   -209.98650     13.77500      0.25314      1.00000
FS3   -210.73650     12.81500      0.23812      1.00000
FS3   -206.50650     12.53000      0.25730      0.97861
FS3   -213.73650     10.44500      0.33471      1.00000
FS3   -206.28150      9.62000      0.22236      1.00000
FS3   -221.74650      5.45000      0.24058      1.00000
FS3   -218.35650      4.67000      0.21886      0.95179
FS3   -216.72150     28.20500      0.23969      1.00000
FS3   -213.87150     26.48000      0.26703      1.00000
FS3   -214.32150     25.17500      0.19778      1.00000
FS3   -208.90650     21.02000      0.21179      1.00000
FS3   -209.41650     19.58000      0.21648      0.91874
FS3   -212.35650     19.05500      0.20709      1.00000
FS3   -216.45150     19.13000      0.20374      0.84412
FS3   -215.02650     30.42500      0.26054      1.00000
FS3   -214.95150     18.51500      0.20785      1.00000
FS3   -211.42650     15.66500      0.23218      0.83530
FS3   -215.34150     15.45500      0.20136      1.00000
FS3   -219.15150     15.20000      0.19388      1.00000
FS3   -214.81650     14.31500      0.22799      0.81243
FS3   -213.57150     30.17000      0.25698      1.00000
FS3   -205.30650     14.15000      0.18424      1.00000
FS3   -220.71150     29.21000      0.26034      1.00000
FS3   -222.13650      8.78000      0.15843      1.00000
FS3   -207.28650     29.10500      0.26598      0.96547
FS3   -215.22150      4.62500      0.15887      0.96574
FS3   -217.99650      3.62000      0.15567      1.00000
FS3   -218.47650      2.57000      0.15471      1.00000
FS3   -212.46150     25.77500      0.25543      1.00000
FS3   -214.08150     24.63500      0.19091      1.00000
FS3   -213.25650     23.93000      0.22302      0.96279
FS3   -221.52150     23.78000      0.19836      0.85333
FS3   -211.74150     22.82000      0.23504      1.00000
FS3   -215.25150     21.18500      0.22455      1.00000
FS3   -218.02650     20.16500      0.20390      1.00000
FS3   -218.50650     19.13000      0.20442      1.00000
FS3   -207.94650     16.38500      0.15048      1.00000
FS3   -208.60650     13.92500      0.11020      1.00000
FS3   -220.30650     13.35500      0.15409      1.00000
FS3   -213.22650     11.46500      0.22003      1.00000
FS3   -221.95650     11.34500      0.12997      1.00000
FS3   -212.50650     11.27000      0.14368      1.00000
FS3   -206.26650      9.95000      0.13650      1.00000
FS3   -209.47650     29.67500      0.24850      1.00000
FS3   -222.64650      8.15000      0.13538      1.00000
FS3   -208.51650      7.56500      0.13460      1.00000
FS3   -221.83650      7.17500      0.14635      0.99637
FS3   -218.49150      6.57500      0.12165      1.00000
FS3   -207.79650      5.49500      0.10401      1.00000
FS3   -218.05650      4.14500      0.12426      0.85310
FS3   -206.44650      4.16000      0.08846      0.88144
FS4   -208.87650     -5.93000      0.02679      1.00000
FS4   -212.49150     -6.57500      0.01910      1.00000
FS4   -217.99650     -7.59500      0.03608      1.00000
FS4   -206.14650    -11.30000      0.01243      1.00000
FS4   -221.92650    -11.45000      0.04029      1.00000
FS4   -218.28150    -12.35000      0.01743      1.00000
FS4   -210.51150    -13.55000      0.01495      1.00000
FS4   -215.67150    -17.81000     -0.07982      1.00000
FS4   -205.68150    -17.94500     -0.01239      1.00000
FS4   -206.73150    -18.69500      0.01632      1.00000
FS4   -220.90650    -18.96500      0.01833      1.00000
FS4   -216.07650    -19.89500     -0.01151      1.00000
FS4   -214.95150    -22.14500     -0.02144      1.00000
FS4   -213.10650    -22.56500     -0.02228      1.00000
FS4   -221.38650    -24.05000     -0.00112      1.00000
FS4   -207.42150    -24.62000     -0.04752      1.00000
FS4   -215.94150    -25.73000     -0.01319      1.00000
FS4   -211.53150    -26.91500     -0.04117      1.00000
FS4   -209.49150    -27.71000     -0.06181      1.00000
FS4   -210.06150    -28.13000     -0.05522      1.00000
FS4   -222.46650    -28.44500     -0.03299      1.00000
FS4   -210.66150    -29.00000     -0.05857      1.00000
FS4   -207.85650    -29.63000     -0.07992      1.00000
FS4   -218.22150    -30.75500     -0.01297      1.00000
FS4   -218.94150     -6.35000      0.14387      0.87856
FS4   -215.62650     -6.66500      0.11352      1.00000
FS4   -209.05650     -7.32500      0.06929      0.92317
FS4   -224.55150     -8.03000      0.19856      1.00000
FS4   -210.22650     -8.33000      0.05183      1.00000
FS4   -220.62150     -8.70500      0.13338      1.00000
FS4   -214.27650     -8.79500      0.07348      1.00000
FS4   -215.08650     -9.75500      0.10777      1.00000
FS4   -221.35650     -9.72500      0.12014      1.00000
FS4   -216.94650    -10.82000      0.10471      1.00000
FS4   -217.26150     -2.55500      0.15646      0.95896
FS4   -213.93150    -12.08000      0.09716      1.00000
FS4   -212.34150    -13.46000      0.11938      1.00000
FS4   -212.05650    -14.99000      0.06793      1.00000
FS4   -223.36650    -18.45500      0.08562      1.00000
FS4   -216.18150    -18.77000      0.04242      1.00000
FS4   -212.25150    -18.92000      0.06932      1.00000
FS4   -224.02650    -18.96500      0.08298      1.00000
FS4   -221.47650    -20.04500      0.05615      1.00000
FS4   -207.13650    -20.28500      0.11855      0.94126
FS4   -223.06650    -20.84000      0.09195      1.00000
FS4   -223.59150    -23.79500      0.06054      1.00000
FS4   -208.83150    -24.33500     -0.00683      1.00000
FS4   -207.88650    -24.84500      0.04730      1.00000
FS4   -217.93650    -26.01500      0.01894      0.91379
FS4   -206.10150    -29.69000     -0.03811      1.00000
FS4   -221.86650    -29.87000     -0.00376      1.00000
FS4   -216.45150    -29.84000      0.06474      1.00000
FS4   -205.62150    -30.44000     -0.03838      0.98482
FS4   -222.94650     -4.74500      0.13832      0.99149
FS4   -211.06650     -5.61500      0.13706      1.00000
FS4   -222.06150     -4.85000      0.04067      0.98905
FS4   -220.86150     -5.10500      0.03125      1.00000
FS4   -224.26650     -5.18000      0.03787      0.91009
FS4   -210.27150     -5.54000      0.06717      1.00000
FS4   -223.53150     -5.75000      0.03895      0.98782
FS4   -224.71650     -6.11000      0.05615      0.86572
FS4   -206.34150     -6.23000     -0.01359      0.83255
FS4   -207.06150     -7.25000     -0.01601      1.00000
FS4   -222.73650     -8.04500      0.02812      1.00000
FS4   -221.91150     -9.02000     -0.02163      1.00000
FS4   -218.58150     -9.62000     -0.00863      1.00000
FS4   -215.44650     -9.83000     -0.01271      0.98610
FS4   -218.14650    -12.06500     -0.01774      1.00000
FS4   -224.55150    -12.95000     -0.03000      1.00000
FS4   -223.75650    -13.28000     -0.01940      1.00000
FS4   -212.20650    -14.37500     -0.04168      1.00000
FS4   -213.69150    -14.90000     -0.00732      1.00000
FS4   -223.87650    -15.74000     -0.03849      1.00000
FS4   -207.19650    -17.57000     -0.08488      1.00000
FS4   -216.69150    -17.67500     -0.06856      1.00000
FS4   -222.70650    -17.67500     -0.08494      1.00000
FS4   -223.08150    -18.87500     -0.06177      1.00000
FS4   -220.41150     -2.85500      0.02805      1.00000
FS4   -218.29650    -20.51000     -0.12708      0.88129
FS4   -221.83650    -20.79500     -0.07498      1.00000
FS4   -209.34150    -21.30500     -0.10112      1.00000
FS4   -214.84650    -22.05500     -0.09147      0.93275
FS4   -224.68650    -22.37000     -0.09603      1.00000
FS4   -219.12150    -22.94000     -0.10933      1.00000
FS4   -216.85650    -23.36000     -0.11150      1.00000
FS4   -214.98150    -25.62500     -0.18444      0.96047
FS4   -207.58650    -27.39500     -0.17300      1.00000
FS4   -213.60150    -27.48500     -0.13868      1.00000
FS4   -215.28150    -28.38500     -0.07250      1.00000
FS4   -216.91650    -28.71500     -0.16681      1.00000
FS4   -219.25650    -28.70000     -0.13610      1.00000
FS4   -210.37650    -29.28500     -0.19280      0.80854
FS4   -222.60150    -29.40500     -0.13790      1.00000
FS4   -215.28150     -3.45500      0.05168      0.90044
FS4   -217.74150    -30.05000     -0.15568      1.00000
FS4   -216.67650     -3.59000      0.02948      1.00000
FS4   -221.79150    -30.38000     -0.21884      1.00000
FS4   -214.77150    -30.74000     -0.25108      1.00000
FS4   -215.04150     -9.06500     -0.10574      0.81903
FS4   -215.34150    -11.81000     -0.00775      0.96329
FS4   -219.31650    -12.12500     -0.02691      0.81314
FS4   -216.96150    -12.15500     -0.08983      1.00000
FS4   -210.43650    -12.72500     -0.16745      1.00000
FS4   -222.66150    -12.83000     -0.06449      1.00000
FS4   -211.29150    -16.35500     -0.10531      0.98890
FS4   -218.34150     -3.93500     -0.04888      1.00000
FS4   -212.52150    -16.74500     -0.12733      1.00000
FS4   -221.88150     -4.22000      0.01204      0.82684
FS4   -224.38650    -19.13000     -0.17201      1.00000
FS4   -217.86150    -20.46500     -0.15129      1.00000
FS4   -214.65150    -23.03000     -0.21643      1.00000
FS4   -216.60150    -24.93500     -0.17377      0.86885
FS4   -220.96650    -25.52000     -0.18114      1.00000
FS4   -222.10650    -26.07500     -0.17592      1.00000
FS4   -223.95150    -27.12500     -0.19205      0.80750
FS4   -208.17150    -27.81500     -0.25801      1.00000
FS4   -209.02650    -29.28500     -0.26851      1.00000
FS4   -217.06650    -29.75000     -0.25088      1.00000
FS4   -214.89150     -5.48000      0.01135      0.82470
FS4   -219.16650     -6.38000     -0.00660      0.89677
