FN4    217.20150    -30.90500   1544.77859      1.00000
FN4    209.23650     -5.22500   1525.86474      1.00000
FN4    205.60650     -5.33000   1527.74785      1.00000
FN4    215.37150     -6.18500   1534.51339      1.00000
FN4    209.58150     -6.50000   1556.74052      1.00000
FN4    206.01150     -6.50000   1522.96496      1.00000
FN4    211.44150     -6.86000   1526.51021      1.00000
FN4    216.25650     -6.95000   1524.17301      1.00000
FN4    208.72650     -6.20000   1503.26007      1.00000
FN4    209.86650     -7.71500   1523.65128      1.00000
FN4    205.59150     -8.66000   1537.27183      1.00000
FN4    215.29650     -8.75000   1520.92278      1.00000
FN4    216.76650     -9.54500   1533.09865      1.00000
FN4    208.36650    -10.80500   1527.84007      1.00000
FN4    211.24650    -10.89500   1521.02837      1.00000
FN4    209.89650    -11.28500   1514.26072      1.00000
FN4    214.95150     -2.85500   1527.94430      1.00000
FN4    215.44650    -11.99000   1545.71286      1.00000
FN4    208.11150    -11.84000   1522.38603      1.00000
FN4    212.37150    -12.24500   1523.65691      1.00000
FN4    219.48150     -2.91500   1618.17328      0.75255
FN4    207.96150    -13.43000   1527.50888      1.00000
FN4    207.15150    -14.13500   1546.53046      1.00000
FN4    208.74150    -14.10500   1528.45391      1.00000
FN4    215.11650    -14.52500   1574.20446      1.00000
FN4    207.82650    -16.26500   1537.46839      1.00000
FN4    211.87650    -16.79000   1528.06366      1.00000
FN4    214.30650    -16.85000   1531.16908      1.00000
FN4    208.00650    -17.34500   1515.59142      1.00000
FN4    212.76150    -17.70500   1531.45662      1.00000
FN4    206.74650    -17.85500   1521.92750      1.00000
FN4    211.84650    -17.88500   1524.50461      1.00000
FN4    210.15150    -17.93000   1529.81249      1.00000
FN4    208.86150    -18.17000   1556.21636      1.00000
FN4    210.91650     -3.51500   1516.93129      1.00000
FN4    215.88150    -18.63500   1525.75542      1.00000
FN4    217.00650    -19.04000   1530.51253      1.00000
FN4    212.31150    -19.38500   1578.28344      1.00000
FN4    210.03150    -19.49000   1524.52356      1.00000
FN4    216.93150    -19.82000   1533.63335      1.00000
FN4    211.47150    -19.97000   1537.10112      1.00000
FN4    218.89650    -20.18000   1525.70124      1.00000
FN4    210.36150    -20.37500   1507.51288      1.00000
FN4    208.18650    -21.69500   1524.34125      1.00000
FN4    212.40150    -22.31000   1533.59628      1.00000
FN4    206.76150    -22.55000   1535.51487      1.00000
FN4    206.08650    -22.80500   1503.58478      1.00000
FN4    207.60150    -22.94000   1520.84685      1.00000
FN4    216.15150    -23.36000   1534.40877      1.00000
FN4    216.79650    -22.85000   1526.17696      1.00000
FN4    216.01650    -24.24500   1544.34558      1.00000
FN4    209.44650    -25.32500   1504.26015      1.00000
FN4    213.09150    -25.67000   1541.86796      1.00000
FN4    211.65150    -25.65500   1532.53225      1.00000
FN4    214.66650    -26.45000   1545.22238      1.00000
FN4    211.24650    -26.93000   1536.74677      1.00000
FN4    213.84150    -27.06500   1532.89755      1.00000
FN4    212.22150    -27.29000   1531.57874      1.00000
FN4    211.26150    -28.14500   1532.30982      1.00000
FN4    208.39650    -28.50500   1552.15700      1.00000
FN4    205.96650    -28.61000   1533.76806      1.00000
FN4    207.37650    -28.70000   1550.78248      1.00000
FN4    218.35650    -28.40000   1540.75582      1.00000
FN4    210.58650    -28.65500   1525.72704      1.00000
FN4    206.14650     -4.16000   1524.00700      1.00000
FN4    217.62150    -29.13500   1531.86021      1.00000
FN4    216.15150    -29.21000   1538.28493      1.00000
FN4    211.26150    -29.30000   1538.78840      1.00000
FN4    208.81650    -29.81000   1536.97116      1.00000
FN4    211.60650    -30.11000   1540.63667      1.00000
FN4    209.58150    -30.45500   1536.38783      1.00000
FN4    215.92650     -4.43000   1521.66234      1.00000
FN4    207.72150     -4.67000   1511.95485      1.00000
FN4    211.14150     -4.85000   1560.85949      1.00000
FN4    215.52150    -30.03500   1563.41116      1.00000
FN4    212.47650     -4.77500   1515.25657      1.00000
FN4    207.37650     -5.28500   1546.51738      1.00000
FN4    213.58650     -6.59000   1519.44964      1.00000
FN4    216.16650     -6.59000   1505.13824      1.00000
FN4    205.98150     -6.78500   1518.05456      1.00000
FN4    208.00650     -6.86000   1539.13867      1.00000
FN4    212.41650     -7.26500   1522.93795      1.00000
FN4    210.58650     -7.59500   1521.29992      1.00000
FN4    214.96650     -7.65500   1507.71603      1.00000
FN4    218.41650     -8.63000   1529.83656      1.00000
FN4    216.45150     -9.05000   1515.05271      1.00000
FN4    205.89150     -9.57500   1514.94044      1.00000
FN4    213.94650     -9.59000   1534.86939      1.00000
FN4    212.10150     -9.95000   1518.22495      1.00000
FN4    209.49150    -10.14500   1570.01200      1.00000
FN4    217.92150    -10.23500   1516.33272      1.00000
FN4    207.97650    -10.28000   1513.55152      1.00000
FN4    212.08650    -10.97000   1517.51982      1.00000
FN4    205.87650    -12.02000   1518.07399      1.00000
FN4    207.67650    -12.20000   1520.44422      1.00000
FN4    209.79150    -12.38000   1530.41069      1.00000
FN4    215.83650    -12.51500   1521.67541      1.00000
FN4    215.13150    -12.87500   1525.79069      1.00000
FN4    219.13650    -12.98000   1529.86660      1.00000
FN4    208.02150    -13.52000   1529.36545      1.00000
FN4    209.38650    -13.92500   1526.76384      1.00000
FN4    218.23650    -14.15000   1523.41231      1.00000
FN4    214.81650    -14.27000   1532.02658      1.00000
FN4    205.84650    -14.40500   1527.06919      1.00000
FN4    210.91650    -15.93500   1542.09701      1.00000
FN4    217.36650     -2.52500   1523.63863      1.00000
FN4    211.02150     -3.17000   1516.36536      1.00000
FN4    213.33150    -16.85000   1528.89686      1.00000
FN4    206.25150     -3.39500   1518.88742      1.00000
FN4    212.73150    -17.70500   1537.21801      1.00000
FN4    207.67650    -18.77000   1534.07517      1.00000
FN4    215.28150    -19.17500   1546.94038      1.00000
FN4    206.16150    -19.23500   1538.01549      1.00000
FN4    217.08150    -20.24000   1537.91554      1.00000
FN4    208.32150    -20.51000   1555.87963      1.00000
FN4    215.01150    -20.90000   1537.49181      1.00000
FN4    219.54150    -20.96000   1646.49277      0.62361
FN4    210.97650    -21.57500   1523.39052      1.00000
FN4    206.20650    -22.22000   1532.32799      1.00000
FN4    215.98650    -22.49000   1542.46125      1.00000
FN4    207.78150    -22.73000   1523.73203      1.00000
FN4    211.20150    -22.91000   1547.62264      1.00000
FN4    209.29650    -23.28500   1526.67188      1.00000
FN4    215.43150    -24.24500   1542.30251      1.00000
FN4    208.78650    -24.24500   1509.00348      1.00000
FN4    209.64150    -24.56000   1561.72270      1.00000
FN4    211.50150    -24.92000   1534.69424      1.00000
FN4    216.31650    -24.99500   1528.39727      1.00000
FN4    209.94150    -25.77500   1525.82021      1.00000
FN4    205.66650    -26.72000   1529.86458      1.00000
FN4    215.37150    -26.79500   1533.81720      1.00000
FN4    211.23150    -27.18500   1522.80963      1.00000
FN4    216.82650    -27.60500   1546.86551      1.00000
FN4    213.43650    -28.02500   1528.61139      1.00000
FN4    218.61150    -28.83500   1535.17060      1.00000
FN4    208.44150    -28.86500   1521.35731      1.00000
FN4    211.32150    -28.95500   1521.74035      1.00000
FN4    209.95650    -29.34500   1522.13850      1.00000
FN4    208.17150    -29.90000   1525.73661      1.00000
FN4    212.43150    -30.30500   1517.26108      1.00000
FN4    218.46150     -4.35500   1524.92451      1.00000
FN4    215.43150     -4.55000   1512.50985      1.00000
FN3    217.81650     28.79000  -1479.92277      0.63155
FN3    216.93150     28.40000  -1489.18523      0.70948
FN3    206.07150     28.59500  -1490.06924      0.78342
FN3    212.34150     28.43000  -1491.87709      0.76383
FN3    217.56150     27.86000  -1483.04716      0.65616
FN3    214.51650     27.78500  -1495.30750      0.78579
FN3    205.80150     26.58500  -1494.86654      0.84242
FN3    218.82150     26.10500  -1489.26370      0.70033
FN3    217.59150     25.31000  -1482.74247      0.65530
FN3    206.07150     24.84500  -1489.83461      0.78383
FN3    207.21150     24.78500  -1485.18643      0.73083
FN3    208.36650     22.89500  -1500.33982      0.89953
FN3    210.24150     22.05500  -1489.31991      0.75565
FN3    213.04650     22.05500  -1497.36119      0.82474
FN3    209.59650     21.20000  -1510.88279      1.00000
FN3    207.54150     20.97500  -1496.98310      0.86181
FN3    214.12650     20.79500  -1492.79037      0.76721
FN3    205.96650     19.64000  -1502.76556      0.95935
FN3    214.29150     19.28000  -1489.73939      0.73679
FN3    207.40650     19.05500  -1495.84218      0.84948
FN3    212.62650     18.96500  -1488.03835      0.73088
FN3    209.16150     18.48500  -1510.42389      1.00000
FN3    218.10150     18.33500  -1488.90638      0.70634
FN3    216.21150     18.17000  -1486.15765      0.69388
FN3    206.92650     17.99000  -1498.87511      0.89418
FN3    212.16150     16.83500  -1495.36641      0.81129
FN3    205.72650     18.21500  -1499.14768      0.90718
FN3    217.45650     15.24500  -1491.63409      0.73678
FN3    219.04650     15.18500  -1482.98503      0.65431
FN3    208.72650     15.12500  -1497.67593      0.86591
FN3    206.31150     14.36000  -1495.61722      0.85704
FN3    211.05150     14.60000  -1492.47839      0.78763
FN3    212.56650     12.98000  -1494.72147      0.80295
FN3    207.45150     12.47000  -1505.83853      1.00000
FN3    213.66150     11.16500  -1489.61878      0.74301
FN3    216.25650     11.15000  -1492.86157      0.75839
FN3    206.04150     10.97000  -1515.54509      1.00000
FN3    219.21150     29.61500  -1507.73152      0.89751
FN3    208.06650     10.88000  -1476.76448      0.66115
FN3    212.50650     10.49000  -1492.62447      0.78121
FN3    210.64650     10.16000  -1492.03260      0.78711
FN3    218.50650      9.12500  -1493.67989      0.75188
FN3    216.54150      8.69000  -1497.32662      0.80497
FN3    212.16150      7.80500  -1491.82823      0.77575
FN3    217.98150      7.50500  -1505.77990      0.90043
FN3    208.03650      7.47500  -1491.67807      0.80061
FN3    212.16150      6.78500  -1494.20786      0.80196
FN3    212.85150      5.52500  -1505.44446      0.94619
FN3    205.93650      5.73500  -1492.80746      0.82748
FN3    207.75150      5.54000  -1498.11323      0.88282
FN3    209.86650      5.36000  -1501.00496      0.90651
FN3    215.20650      4.88000  -1493.39079      0.77249
FN3    219.21150      4.76000  -1495.57061      0.76699
FN3    208.09650      4.23500  -1492.72204      0.81273
FN3    209.46150      3.83000  -1494.88091      0.82911
FN3    218.31150      3.59000  -1510.08857      0.96358
FN3    216.70650      3.71000  -1480.88231      0.65311
FN3    214.89150      3.48500  -1507.06426      0.95174
FN3    205.90650      3.33500  -1505.57311      1.00000
FN3    218.28150      2.61500  -1496.63184      0.78530
FN3    210.99150      1.82000  -1502.81874      0.92390
FN3    208.18650     27.89000  -1496.14602      0.95796
FN3    206.86650     27.42500  -1504.01221      1.00000
FN3    209.92650     27.33500  -1496.03449      0.94284
FN3    215.97150     27.02000  -1489.76998      0.82246
FN3    218.13150     25.14500  -1488.67174      0.79787
FN3    207.03150     25.01000  -1494.83689      0.95170
FN3    210.67650     24.80000  -1488.04267      0.84196
FN3    213.04650     24.17000  -1488.81618      0.83493
FN3    209.85150     23.09000  -1498.24189      0.97916
FN3    207.79650     22.08500  -1496.08693      0.96601
FN3    210.57150     21.17000  -1493.55089      0.91053
FN3    210.27150     22.05500  -1503.39544      1.00000
FN3    217.90650     20.91500  -1492.46171      0.84184
FN3    216.10650     20.12000  -1496.74971      0.90730
FN3    210.42150     20.09000  -1489.54685      0.86389
FN3    207.10650     19.62500  -1496.59540      0.98112
FN3    207.88650     19.19000  -1498.89785      1.00000
FN3    215.07150     19.02500  -1492.80452      0.86855
FN3    212.52150     18.56000  -1494.63912      0.91110
FN3    213.75150     18.50000  -1481.88105      0.76575
FN3    208.86150     18.44000  -1488.58718      0.86441
FN3    210.58650     18.08000  -1477.80963      0.74732
FN3    207.73650     17.55500  -1501.46508      1.00000
FN3    215.71650     17.03000  -1496.95580      0.91549
FN3    216.90150     16.59500  -1493.43571      0.86326
FN3    206.28150     16.16000  -1498.66566      1.00000
FN3    211.36650     15.86000  -1484.06621      0.80169
FN3    209.62650     15.72500  -1491.25212      0.89233
FN3    216.94650     15.42500  -1491.81237      0.84533
FN3    211.63650     30.08000  -1489.25557      0.84424
FN3    214.11150     14.85500  -1491.24445      0.86020
FN3    210.16650     13.88000  -1493.18991      0.91363
FN3    218.88150     13.43000  -1499.32518      0.92041
FN3    209.89650     29.69000  -1488.13697      0.84397
FN3    219.24150     11.54000  -1519.11010      1.00000
FN3    219.07650     29.12000  -1495.56311      0.85998
FN3    217.84650     10.71500  -1484.62402      0.76912
FN3    206.10150     10.52000  -1497.21040      1.00000
FN3    212.37150     10.35500  -1497.43096      0.95432
FN3    216.94650     10.32500  -1487.07473      0.79820
FN3    209.10150      9.96500  -1535.21532      1.00000
FN3    217.59150      9.78500  -1485.91259      0.78296
FN3    214.54650      9.72500  -1499.54820      0.96515
FN3    205.81650      8.49500  -1501.48808      1.00000
FN3    218.85150      8.04500  -1500.95397      0.94493
FN3    210.54150      7.53500  -1495.88493      0.94921
FN3    217.62150      7.23500  -1485.90921      0.78336
FN3    206.10150      6.77000  -1500.47029      1.00000
FN3    207.24150      6.71000  -1499.38788      1.00000
FN3    208.41150      4.82000  -1499.86479      1.00000
FN3    210.27150      3.98000  -1486.07274      0.83246
FN3    209.62650      3.12500  -1511.30517      1.00000
FN3    207.57150      2.90000  -1495.49829      0.96881
FN3    214.15650      2.73500  -1500.20203      0.98017
FN3    213.07650      3.99500  -1502.30559      1.00000
FN2    185.03550    123.66500   1504.35973      1.00000
FN2    173.83050    122.75000   1487.41661      1.00000
FN2    185.45550    122.55500   1513.78615      1.00000
FN2    178.73550    121.40000   1601.10644      0.98148
FN2    182.12550    121.22000   1505.80122      1.00000
FN2    184.75050    121.19000   1508.94390      1.00000
FN2    173.65050    120.77000   1466.67375      0.73929
FN2    185.36550    119.36000   1504.49497      1.00000
FN2    182.69550    119.04500   1496.42143      1.00000
FN2    176.03550    118.85000   1481.90438      0.92377
FN2    182.33550    118.17500   1493.94933      1.00000
FN2    183.58050    117.48500   1482.54489      0.94590
FN2    181.48050    117.27500   1481.27589      0.92283
FN2    172.45050    115.55000   1494.59049      1.00000
FN2    175.43550    115.37000   1480.87240      0.90262
FN2    185.18550    125.84000   1503.52009      1.00000
FN2    176.03550    114.24500   1504.80198      1.00000
FN2    183.14550    113.67500   1464.72079      0.72717
FN2    175.70550    113.52500   1461.31210      0.68801
FN2    176.92050    111.81500   1490.18830      1.00000
FN2    182.51550    111.57500   1493.74423      1.00000
FN2    183.58050    111.21500   1499.70985      1.00000
FN2    179.54550    111.14000   1482.12814      0.92454
FN2    178.54050    110.88500   1493.97630      1.00000
FN2    179.39550    110.31500   1486.08590      0.98636
FN2    180.25050    109.37000   1493.68546      1.00000
FN2    180.41550    125.39000   1507.37168      1.00000
FN2    173.68050    109.26500   1508.62935      1.00000
FN2    183.56550    125.06000   1596.26110      1.00000
FN2    172.13550    108.66500   1495.18205      1.00000
FN2    178.90050    108.56000   1490.43377      1.00000
FN2    182.51550    125.10500   1516.14531      1.00000
FN2    172.30050    107.85500   1518.68655      1.00000
FN2    176.06550    107.85500   1492.81571      1.00000
FN2    173.29050    107.55500   1485.25283      0.95081
FN2    173.78550    106.31000   1505.26501      1.00000
FN2    181.40550    105.87500   1491.94065      1.00000
FN2    182.53050    105.72500   1490.72532      1.00000
FN2    177.59550    105.24500   1504.49796      1.00000
FN2    175.97550    104.81000   1483.11463      0.92128
FN2    173.42550    104.57000   1480.55864      0.87768
FN2    181.22550    104.03000   1493.46686      1.00000
FN2    173.17050    103.79000   1483.08057      0.91114
FN2    176.21550    103.35500   1510.59105      1.00000
FN2    177.31050    103.11500   1482.37399      0.91140
FN2    182.77050    103.05500   1498.67116      1.00000
FN2    175.48050    124.35500   1468.97777      0.76802
FN2    176.77050    102.15500   1489.28352      1.00000
FN2    182.42550    102.14000   1486.02144      0.98081
FN2    185.00550    124.37000   1508.59485      1.00000
FN2    178.66050    101.25500   1485.94030      0.96741
FN2    176.59050    124.31000   1479.43583      0.89580
FN2    174.08550    101.06000   1492.49592      1.00000
FN2    180.23550    100.88000   1483.08244      0.92625
FN2    179.24550    100.52000   1504.84364      1.00000
FN2    175.46550    100.32500   1470.48557      0.75919
FN2    174.49050     99.89000   1474.12295      0.79514
FN2    183.59550     99.83000   1509.88766      1.00000
FN2    181.13550     99.36500   1491.79121      1.00000
FN2    180.23550     99.24500   1489.48293      1.00000
FN2    182.23050     98.84000   1496.23881      1.00000
FN2    179.33550     98.87000   1493.48931      1.00000
FN2    174.37050     98.49500   1496.85288      1.00000
FN2    185.12550     98.40500   1498.23129      1.00000
FN2    180.73050     98.27000   1478.59974      0.86107
FN2    177.43050     97.92500   1497.47012      1.00000
FN2    174.01050    124.47500   1474.94124      0.94933
FN2    183.50550    123.38000   1507.96524      1.00000
FN2    176.59050    122.99000   1494.66820      1.00000
FN2    182.26050    122.78000   1482.45531      1.00000
FN2    177.55050    123.27500   1470.26165      0.89255
FN2    180.37050    120.09500   1483.61304      1.00000
FN2    181.07550    119.91500   1495.21061      1.00000
FN2    185.92050    120.11000   1535.97122      1.00000
FN2    178.63050    119.75000   1492.23169      1.00000
FN2    172.84050    119.39000   1485.63455      1.00000
FN2    183.07050    119.12000   1508.29965      1.00000
FN2    173.21550    118.65500   1486.12265      1.00000
FN2    181.51050    118.35500   1482.81706      1.00000
FN2    172.36050    118.10000   1487.13395      1.00000
FN2    173.89050    117.75500   1621.97901      0.83315
FN2    180.53550    116.94500   1466.25277      0.84444
FN2    178.15050    116.82500   1495.09362      1.00000
FN2    184.73550    116.57000   1486.54142      1.00000
FN2    178.88550    116.55500   1485.68842      1.00000
FN2    179.86050    115.98500   1479.45773      1.00000
FN2    183.56550    115.94000   1497.03390      1.00000
FN2    175.48050    115.77500   1475.04603      0.94239
FN2    176.51550    114.92000   1478.37440      0.99141
FN2    173.05050    114.06500   1495.32791      1.00000
FN2    179.33550    114.00500   1500.48770      1.00000
FN2    172.03050    112.49000   1493.57995      1.00000
FN2    176.24550    126.14000   1476.02809      0.97061
FN2    172.45050    111.29000   1474.28944      0.91921
FN2    174.14550    111.65000   1493.72756      1.00000
FN2    175.66050    125.97500   1451.59078      0.71036
FN2    173.39550    109.41500   1497.79033      1.00000
FN2    174.14550    109.25000   1462.75088      0.79112
FN2    181.55550    108.72500   1487.59753      1.00000
FN2    173.51550    125.49500   1473.85160      0.93488
FN2    183.50550    106.95500   1576.39622      1.00000
FN2    182.45550    107.01500   1493.93693      1.00000
FN2    175.42050    106.25000   1468.92403      0.85456
FN2    184.96050    106.28000   1488.18751      1.00000
FN2    176.51550    106.20500   1476.23241      0.94816
FN2    173.08050    105.62000   1517.90099      1.00000
FN2    184.99050    105.57500   1484.59106      1.00000
FN2    181.85550    125.18000   1494.17686      1.00000
FN2    182.80050    106.17500   1452.77158      0.71416
FN2    173.77050    104.64500   1489.76359      1.00000
FN2    185.41050    104.48000   1481.03596      1.00000
FN2    178.79550    125.01500   1499.92111      1.00000
FN2    178.67550    103.31000   1587.43347      1.00000
FN2    182.06550    103.11500   1496.09949      1.00000
FN2    184.69050    103.10000   1483.90492      1.00000
FN2    173.57550    102.66500   1455.30423      0.71871
FN2    185.32050    101.27000   1480.51029      1.00000
FN2    182.65050    100.95500   1480.12345      1.00000
FN2    175.97550    100.74500   1477.84606      0.96133
FN2    182.29050    100.08500   1487.83924      1.00000
FN2    183.53550     99.38000   1470.45693      0.88071
FN2    181.42050     99.18500   1481.51514      1.00000
FN1    148.33950    154.92000  -1568.59589      1.00000
FN1    142.74450    154.26000  -1609.35551      1.00000
FN1    141.70950    153.82500  -1568.05436      1.00000
FN1    149.46450    153.36000  -1553.95566      1.00000
FN1    146.65950    152.16000  -1557.22268      1.00000
FN1    150.30450    151.86000  -1549.93129      1.00000
FN1    147.90450    151.90500  -1558.70373      1.00000
FN1    141.34950    151.62000  -1560.16166      1.00000
FN1    147.75450    150.43500  -1565.87010      1.00000
FN1    150.94950    148.35000  -1574.90490      1.00000
FN1    138.28950    147.87000  -1574.93437      1.00000
FN1    144.21450    147.03000  -1575.46643      1.00000
FN1    149.92950    147.09000  -1569.33290      1.00000
FN1    140.07450    146.59500  -1563.23067      1.00000
FN1    147.40950    146.32500  -1562.32914      1.00000
FN1    139.72950    145.78500  -1563.97153      1.00000
FN1    141.34950    144.00000  -1568.11931      1.00000
FN1    139.78950    142.80000  -1563.00370      1.00000
FN1    139.17450    143.49000  -1566.63168      1.00000
FN1    145.44450    142.41000  -1567.29173      1.00000
FN1    143.34450    141.64500  -1552.27899      1.00000
FN1    138.78450    141.30000  -1574.62621      1.00000
FN1    147.55950    141.01500  -1561.44673      1.00000
FN1    142.44450    140.62500  -1575.54980      1.00000
FN1    142.11450    143.35500  -1581.05965      1.00000
FN1    147.43950    139.72500  -1560.17015      1.00000
FN1    147.09450    138.45000  -1570.88629      1.00000
FN1    138.07950    157.81500  -1560.57957      1.00000
FN1    149.53950    138.49500  -1580.12283      1.00000
FN1    144.93450    137.85000  -1575.38022      1.00000
FN1    150.90450    157.29000  -1583.95603      1.00000
FN1    150.60450    137.35500  -1551.64032      1.00000
FN1    138.48450    137.29500  -1570.61452      1.00000
FN1    148.30950    137.11500  -1565.14682      1.00000
FN1    143.46450    135.99000  -1557.43423      1.00000
FN1    144.51450    135.33000  -1571.99189      1.00000
FN1    147.67950    134.79000  -1557.15158      1.00000
FN1    143.25450    134.26500  -1578.72876      1.00000
FN1    151.56450    134.23500  -1566.65046      1.00000
FN1    143.88450    133.12500  -1567.65128      1.00000
FN1    140.52450    132.42000  -1562.53959      1.00000
FN1    138.75450    131.91000  -1590.96106      1.00000
FN1    145.93950    131.25000  -1556.42120      1.00000
FN1    150.84450    130.18500  -1574.07726      1.00000
FN1    138.42450    155.97000  -1575.47312      1.00000
FN1    149.68950    155.77500  -1563.62802      1.00000
FN1    142.92450    155.20500  -1569.84106      1.00000
FN1    141.31950    155.08500  -1572.48873      1.00000
FN1    150.84450    154.96500  -1553.85731      1.00000
FN1    149.95950    153.58500  -1559.04510      1.00000
FN1    143.52450    152.07000  -1567.51976      1.00000
FN1    150.24450    151.98000  -1558.03157      1.00000
FN1    148.23450    151.81500  -1551.71340      1.00000
FN1    141.73950    151.59000  -1571.48905      1.00000
FN1    139.42950    151.41000  -1571.47223      1.00000
FN1    138.88950    149.88000  -1559.63996      1.00000
FN1    144.01950    149.46000  -1574.01062      1.00000
FN1    148.02450    149.31000  -1559.21711      1.00000
FN1    144.85950    148.05000  -1554.32286      1.00000
FN1    151.17450    147.78000  -1558.13447      1.00000
FN1    150.76950    157.72500  -1619.63679      1.00000
FN1    146.01450    146.17500  -1565.82977      1.00000
FN1    149.17950    145.24500  -1565.05495      1.00000
FN1    142.39950    144.78000  -1605.95373      1.00000
FN1    139.60950    144.55500  -1584.02907      1.00000
FN1    143.76450    142.44000  -1567.77711      1.00000
FN1    145.08450    141.93000  -1598.08634      1.00000
FN1    151.20450    142.06500  -1561.36544      1.00000
FN1    142.90950    141.63000  -1587.62848      1.00000
FN1    151.59450    141.18000  -1538.10726      1.00000
FN1    145.86450    140.92500  -1570.15897      1.00000
FN1    137.97450    139.65000  -1578.54981      1.00000
FN1    150.79950    139.14000  -1576.53819      1.00000
FN1    143.34450    136.83000  -1558.63768      1.00000
FN1    148.23450    136.75500  -1572.07142      1.00000
FN1    142.63950    136.08000  -1613.06488      1.00000
FN1    141.60450    135.66000  -1582.80562      1.00000
FN1    141.39450    156.42000  -1565.33702      1.00000
FN1    149.34450    135.19500  -1562.91813      1.00000
FN1    146.55450    133.99500  -1569.49554      1.00000
FN1    150.19950    133.69500  -1551.65976      1.00000
FN1    147.79950    133.75500  -1561.31813      1.00000
FN1    141.24450    133.45500  -1578.68420      1.00000
FN1    147.64950    132.27000  -1584.19175      1.00000
FN1    149.11950    131.88000  -1573.79118      1.00000
FS1   -140.32950    158.16000  -1556.89669      1.00000
FS1   -142.90950    156.00000  -1517.30676      1.00000
FS1   -146.46450    155.02500  -1527.46550      1.00000
FS1   -145.62450    155.08500  -1497.45026      0.83970
FS1   -138.85950    154.87500  -1501.41138      0.93251
FS1   -139.56450    154.53000  -1528.82152      1.00000
FS1   -138.03450    154.21500  -1592.16720      1.00000
FS1   -147.27450    153.72000  -1519.38953      1.00000
FS1   -144.91950    153.52500  -1552.05564      1.00000
FS1   -141.45450    154.11000  -1523.29664      1.00000
FS1   -151.72950    153.40500  -1532.38716      1.00000
FS1   -137.71950    152.98500  -1541.24964      1.00000
FS1   -140.11950    152.67000  -1527.31609      1.00000
FS1   -151.95450    152.59500  -1541.27858      1.00000
FS1   -151.14450    152.28000  -1523.52884      1.00000
FS1   -149.19450    151.72500  -1556.70661      1.00000
FS1   -138.31950    151.75500  -1517.31526      1.00000
FS1   -144.66450    150.36000  -1517.49873      1.00000
FS1   -142.36950    149.35500  -1513.33127      1.00000
FS1   -151.30950    149.26500  -1540.07219      1.00000
FS1   -145.80450    148.92000  -1558.98672      1.00000
FS1   -144.72450    148.66500  -1503.77348      0.97505
FS1   -150.03450    148.39500  -1517.51590      1.00000
FS1   -138.75450    148.06500  -1529.25617      1.00000
FS1   -148.90950    147.90000  -1514.27392      1.00000
FS1   -141.28950    147.69000  -1527.13090      1.00000
FS1   -143.46450    146.65500  -1516.43017      1.00000
FS1   -145.21950    147.04500  -1522.01142      1.00000
FS1   -144.34950    146.49000  -1523.51048      1.00000
FS1   -142.15950    145.42500  -1510.87787      1.00000
FS1   -149.02950    145.42500  -1524.18609      1.00000
FS1   -145.57950    157.95000  -1524.07051      1.00000
FS1   -139.06950    144.79500  -1514.87763      1.00000
FS1   -147.40950    144.49500  -1524.51028      1.00000
FS1   -141.12450    144.03000  -1543.39637      1.00000
FS1   -143.29950    142.53000  -1517.87495      1.00000
FS1   -149.94450    142.36500  -1521.75419      1.00000
FS1   -139.50450    141.66000  -1521.83647      1.00000
FS1   -149.50950    141.37500  -1517.38275      1.00000
FS1   -147.49950    141.22500  -1521.16419      1.00000
FS1   -151.14450    156.97500  -1527.07178      1.00000
FS1   -143.98950    141.10500  -1517.46536      1.00000
FS1   -138.52950    141.45000  -1535.27752      1.00000
FS1   -146.04450    140.85000  -1522.16002      1.00000
FS1   -145.11450    156.49500  -1504.46478      0.93007
FS1   -146.77950    156.43500  -1532.28669      1.00000
FS1   -150.82950    140.02500  -1540.75713      1.00000
FS1   -138.96450    139.75500  -1517.13084      1.00000
FS1   -149.01450    139.65000  -1531.62450      1.00000
FS1   -141.36450    139.53000  -1500.88949      1.00000
FS1   -149.46450    138.45000  -1563.54615      1.00000
FS1   -150.76950    137.35500  -1529.14490      1.00000
FS1   -143.55450    137.32500  -1503.90687      1.00000
FS1   -142.11450    136.93500  -1509.31115      1.00000
FS1   -144.24450    136.84500  -1527.78360      1.00000
FS1   -151.20450    136.54500  -1509.15273      1.00000
FS1   -144.99450    136.24500  -1509.07253      1.00000
FS1   -146.44950    136.24500  -1512.96082      1.00000
FS1   -149.70450    135.75000  -1487.82248      0.79669
FS1   -146.53950    135.45000  -1514.75644      1.00000
FS1   -147.64950    135.27000  -1541.33946      1.00000
FS1   -149.38950    134.98500  -1534.69376      1.00000
FS1   -151.39950    134.77500  -1510.67137      1.00000
FS1   -142.53450    134.71500  -1515.84746      1.00000
FS1   -139.48950    134.47500  -1521.33353      1.00000
FS1   -145.18950    133.98000  -1568.81294      1.00000
FS1   -146.19450    134.20500  -1513.66037      1.00000
FS1   -150.66450    134.13000  -1507.73077      1.00000
FS1   -137.92950    133.95000  -1510.58026      1.00000
FS1   -146.97450    133.51500  -1514.79167      1.00000
FS1   -139.53450    132.78000  -1557.25855      1.00000
FS1   -145.06950    132.75000  -1511.84938      1.00000
FS1   -147.07950    132.46500  -1481.50613      0.75139
FS1   -147.82950    132.16500  -1522.39969      1.00000
FS1   -148.51950    131.91000  -1498.03096      0.95537
FS1   -141.36450    131.95500  -1516.05984      1.00000
FS1   -138.84450    131.44500  -1510.92920      1.00000
FS1   -146.97450    131.29500  -1514.27338      1.00000
FS1   -143.08950    130.80000  -1515.24521      1.00000
FS1   -137.77950    158.19000  -1567.56435      1.00000
FS1   -140.28450    130.20000  -1561.53570      1.00000
FS1   -139.45950    156.09000  -1521.24514      1.00000
FS1   -144.43950    156.01500  -1530.73854      1.00000
FS1   -143.17950    155.83500  -1517.38124      1.00000
FS1   -137.68950    155.61000  -1533.38805      1.00000
FS1   -150.16950    155.40000  -1514.37440      1.00000
FS1   -141.87450    155.02500  -1529.47265      1.00000
FS1   -139.84950    155.05500  -1506.72731      1.00000
FS1   -143.25450    155.02500  -1511.01700      1.00000
FS1   -149.68950    154.56000  -1513.85671      1.00000
FS1   -145.21950    153.88500  -1520.82484      1.00000
FS1   -146.37450    153.61500  -1514.37122      1.00000
FS1   -138.72450    152.80500  -1538.91553      1.00000
FS1   -150.49950    153.01500  -1510.84001      1.00000
FS1   -140.08950    152.59500  -1546.97220      1.00000
FS1   -149.10450    152.76000  -1491.67613      0.87639
FS1   -142.93950    152.64000  -1511.41535      1.00000
FS1   -146.04450    151.93500  -1529.16434      1.00000
FS1   -142.12950    151.59000  -1525.83159      1.00000
FS1   -149.08950    151.11000  -1515.08791      1.00000
FS1   -147.31950    150.64500  -1506.57431      1.00000
FS1   -139.75950    150.40500  -1520.15589      1.00000
FS1   -141.16950    150.88500  -1512.18586      1.00000
FS1   -148.08450    149.80500  -1545.04751      1.00000
FS1   -144.67950    149.86500  -1518.44105      1.00000
FS1   -148.84950    149.53500  -1524.13795      1.00000
FS1   -141.07950    149.55000  -1524.20261      1.00000
FS1   -150.13950    149.26500  -1541.53643      1.00000
FS1   -148.53450    148.32000  -1524.62121      1.00000
FS1   -142.15950    147.58500  -1527.47712      1.00000
FS1   -149.73450    146.31000  -1518.75525      1.00000
FS1   -143.35950    145.66500  -1518.59576      1.00000
FS1   -139.03950    145.00500  -1525.72346      1.00000
FS1   -138.13950    144.93000  -1527.33829      1.00000
FS1   -148.93950    157.75500  -1526.47041      1.00000
FS1   -137.74950    157.74000  -1525.18516      1.00000
FS1   -142.74450    144.18000  -1524.98429      1.00000
FS1   -150.16950    143.34000  -1522.70838      1.00000
FS1   -139.74450    142.74000  -1512.31108      1.00000
FS1   -138.15450    142.20000  -1517.30954      1.00000
FS1   -147.09450    142.50000  -1521.01658      1.00000
FS1   -148.02450    142.96500  -1504.58077      1.00000
FS1   -144.39450    141.34500  -1582.65980      1.00000
FS1   -145.50450    157.09500  -1513.02376      1.00000
FS1   -147.48450    140.31000  -1514.63842      1.00000
FS1   -137.82450    139.80000  -1573.52931      1.00000
FS1   -140.37450    139.75500  -1563.38286      1.00000
FS1   -145.63950    139.56000  -1523.82354      1.00000
FS1   -151.38450    156.96000  -1533.22618      1.00000
FS1   -144.09450    139.05000  -1503.24269      1.00000
FS1   -151.20450    138.57000  -1524.23765      1.00000
FS1   -145.15950    138.09000  -1503.53463      1.00000
FS1   -146.82450    138.03000  -1527.84173      1.00000
FS1   -149.53950    156.87000  -1516.79543      1.00000
FS1   -142.95450    137.59500  -1518.77635      1.00000
FS1   -139.56450    137.52000  -1521.49459      1.00000
FS1   -141.78450    156.60000  -1541.63492      1.00000
FS1   -138.90450    136.48500  -1501.64079      1.00000
FS1   -139.60950    136.15500  -1514.34715      1.00000
FS1   -141.49950    135.72000  -1521.40038      1.00000
FS1   -146.52450    136.62000  -1528.18997      1.00000
FS1   -147.31950    135.31500  -1535.50018      1.00000
FS1   -144.97950    135.12000  -1555.52940      1.00000
FS1   -151.78950    135.00000  -1535.85861      1.00000
FS1   -137.77950    134.59500  -1539.83899      1.00000
FS1   -140.16450    134.26500  -1529.04006      1.00000
FS1   -152.01450    134.19000  -1515.95697      1.00000
FS1   -151.18950    133.87500  -1514.84483      1.00000
FS1   -149.23950    133.33500  -1556.82299      1.00000
FS1   -138.36450    133.36500  -1514.67986      1.00000
FS1   -141.48450    132.87000  -1523.94577      1.00000
FS1   -144.70950    131.95500  -1514.26302      1.00000
FS1   -137.86950    156.54000  -1517.69649      1.00000
FS1   -142.39950    130.95000  -1510.04584      1.00000
FS1   -151.35450    130.86000  -1529.99593      1.00000
FS1   -145.84950    130.53000  -1556.97463      1.00000
FS1   -144.76950    130.26000  -1498.89970      1.00000
FS1   -150.07950    130.00500  -1516.89211      1.00000
FS1   -138.79950    129.67500  -1509.82132      1.00000
FS1   -148.95450    129.49500  -1524.89037      1.00000
FS2   -179.71050    124.37000   1519.79989      1.00000
FS2   -183.73050    124.25000   1520.53765      1.00000
FS2   -173.38050    123.00500   1532.40495      1.00000
FS2   -181.25550    122.78000   1525.04604      1.00000
FS2   -179.96550    122.13500   1550.41976      1.00000
FS2   -174.32550    121.59500   1509.62821      1.00000
FS2   -181.12050    120.59000   1520.49786      1.00000
FS2   -178.57050    119.40500   1518.60281      1.00000
FS2   -176.54550    118.98500   1521.23669      1.00000
FS2   -183.46050    118.55000   1525.08355      1.00000
FS2   -178.73550    117.99500   1525.32463      1.00000
FS2   -176.54550    117.78500   1512.32997      1.00000
FS2   -177.22050    116.51000   1517.05861      1.00000
FS2   -185.66550    116.28500   1548.53209      1.00000
FS2   -177.73050    114.80000   1524.91291      1.00000
FS2   -172.49550    114.65000   1520.62434      1.00000
FS2   -183.40050    115.98500   1513.96717      1.00000
FS2   -184.66050    114.06500   1523.64669      1.00000
FS2   -175.85550    114.06500   1532.78666      1.00000
FS2   -185.51550    113.33000   1509.86577      1.00000
FS2   -171.91050    113.18000   1526.01156      1.00000
FS2   -171.65550    111.71000   1535.89997      1.00000
FS2   -179.03550    111.65000   1509.51657      1.00000
FS2   -177.20550    111.72500   1540.74558      1.00000
FS2   -184.96050    111.09500   1529.84635      1.00000
FS2   -173.00550    110.85500   1530.30217      1.00000
FS2   -177.95550    110.69000   1524.38247      1.00000
FS2   -176.72550    109.82000   1526.38648      1.00000
FS2   -182.77050    109.52000   1518.99557      1.00000
FS2   -180.59550    109.28000   1519.92758      1.00000
FS2   -172.12050    108.29000   1510.09443      1.00000
FS2   -180.65550    107.57000   1509.04292      1.00000
FS2   -172.39050    107.40500   1514.18696      1.00000
FS2   -185.42550    105.87500   1527.88570      1.00000
FS2   -181.06050    106.11500   1516.77546      1.00000
FS2   -175.06050    125.46500   1519.18514      1.00000
FS2   -176.63550    105.12500   1518.79148      1.00000
FS2   -185.21550    125.28500   1526.65080      1.00000
FS2   -183.94050    102.99500   1518.73226      1.00000
FS2   -172.61550    102.78500   1533.80881      1.00000
FS2   -176.59050    102.62000   1538.26393      1.00000
FS2   -173.62050    102.72500   1520.51919      1.00000
FS2   -181.30050    102.48500   1504.02447      1.00000
FS2   -181.61550    101.75000   1527.80736      1.00000
FS2   -183.35550    101.61500   1522.33745      1.00000
FS2   -184.94550    101.57000   1511.75790      1.00000
FS2   -179.62050    101.46500   1523.57450      1.00000
FS2   -180.76050    101.37500   1524.08090      1.00000
FS2   -175.33050    101.13500   1526.44646      1.00000
FS2   -180.55050    100.32500   1534.53629      1.00000
FS2   -183.83550    100.34000   1529.72125      1.00000
FS2   -174.05550    100.25000   1539.12183      1.00000
FS2   -179.66550     99.53000   1514.89461      1.00000
FS2   -181.48050     99.29000   1526.92508      1.00000
FS2   -173.74050     98.75000   1533.49674      1.00000
FS2   -173.23050    122.82500   1514.91662      1.00000
FS2   -185.53050    122.16500   1525.07721      1.00000
FS2   -176.44050    122.15000   1531.34955      1.00000
FS2   -174.08550    120.69500   1502.46760      1.00000
FS2   -177.25050    118.88000   1526.20267      1.00000
FS2   -180.43050    118.41500   1508.56014      1.00000
FS2   -176.14050    117.05000   1517.43091      1.00000
FS2   -174.47550    116.34500   1509.57165      1.00000
FS2   -172.13550    125.88500   1514.55804      1.00000
FS2   -172.58550    114.60500   1506.09529      1.00000
FS2   -175.52550    114.44000   1539.13699      1.00000
FS2   -173.68050    116.55500   1502.85962      1.00000
FS2   -173.60550    113.40500   1500.19894      1.00000
FS2   -176.26050    112.29500   1518.46649      1.00000
FS2   -183.86550    112.08500   1524.84017      1.00000
FS2   -179.09550    111.98000   1501.19352      1.00000
FS2   -176.51550    111.32000   1518.37068      1.00000
FS2   -177.11550    124.98500   1515.88885      1.00000
FS2   -177.56550    117.45500   1507.35301      1.00000
FS2   -174.41550    110.88500   1506.47016      1.00000
FS2   -179.32050    109.49000   1483.53107      1.00000
FS2   -174.25050    109.13000   1510.81639      1.00000
FS2   -184.16550    108.56000   1505.74290      1.00000
FS2   -181.85550    108.47000   1511.77446      1.00000
FS2   -179.77050    108.12500   1511.71523      1.00000
FS2   -174.35550    108.09500   1520.45804      1.00000
FS2   -181.07550    123.57500   1513.60190      1.00000
FS2   -175.07550    107.01500   1515.37474      1.00000
FS2   -185.23050    106.83500   1508.44623      1.00000
FS2   -183.38550    106.76000   1498.58057      1.00000
FS2   -179.71050    105.93500   1510.68854      1.00000
FS2   -183.74550    105.80000   1509.72093      1.00000
FS2   -173.38050    104.57000   1533.80000      1.00000
FS2   -181.25550    104.34500   1524.21639      1.00000
FS2   -179.98050    103.68500   1541.23686      1.00000
FS2   -174.32550    103.16000   1506.40019      1.00000
FS2   -184.72050    102.77000   1521.75339      1.00000
FS2   -181.13550    102.17000   1506.85526      1.00000
FS2   -178.57050    100.97000   1515.87466      1.00000
FS2   -176.54550    100.56500   1528.63968      1.00000
FS2   -183.46050    100.11500   1517.58779      1.00000
FS2   -178.73550     99.54500   1521.20793      1.00000
FS2   -176.54550     99.35000   1514.63015      1.00000
FS2   -177.22050     98.07500   1508.75241      1.00000
FS2   -185.66550     97.88000   1529.58025      1.00000
FS3   -211.92150     29.84000  -1569.01206      1.00000
FS3   -207.15150     29.30000  -1558.82021      1.00000
FS3   -216.40650     29.24000  -1567.54256      1.00000
FS3   -211.63650     29.07500  -1583.98455      1.00000
FS3   -215.35650     28.73000  -1566.68130      1.00000
FS3   -217.99650     27.89000  -1570.46432      1.00000
FS3   -209.25150     27.62000  -1548.93736      1.00000
FS3   -212.35650     27.42500  -1563.52473      1.00000
FS3   -218.85150     26.39000  -1570.50206      1.00000
FS3   -215.91150     25.74500  -1570.54302      1.00000
FS3   -219.70650     25.50500  -1568.26300      1.00000
FS3   -215.41650     24.80000  -1619.21618      1.00000
FS3   -217.72650     25.05500  -1569.94544      1.00000
FS3   -218.98650     24.98000  -1555.88450      1.00000
FS3   -209.80650     23.94500  -1578.80051      1.00000
FS3   -208.48650     23.73500  -1585.10943      1.00000
FS3   -213.00150     23.42000  -1565.78484      1.00000
FS3   -207.64650     23.03000  -1545.79574      1.00000
FS3   -212.02650     22.85000  -1564.85231      1.00000
FS3   -209.28150     22.41500  -1569.05263      1.00000
FS3   -212.32650     22.16000  -1568.40308      1.00000
FS3   -214.30650     21.86000  -1570.31526      1.00000
FS3   -211.15650     21.45500  -1566.42287      1.00000
FS3   -212.13150     18.35000  -1563.33412      1.00000
FS3   -210.19650     17.66000  -1558.57124      1.00000
FS3   -208.30650     17.54000  -1563.51830      1.00000
FS3   -212.49150     16.16000  -1566.73293      1.00000
FS3   -210.73650     15.87500  -1567.06087      1.00000
FS3   -217.63650     14.96000  -1588.86276      1.00000
FS3   -205.62150     14.88500  -1549.94804      1.00000
FS3   -210.13650     14.70500  -1594.53527      1.00000
FS3   -206.43150     14.16500  -1565.47159      1.00000
FS3   -211.54650     12.75500  -1561.84850      1.00000
FS3   -210.72150     12.29000  -1533.29757      1.00000
FS3   -215.59650     10.85000  -1563.25152      1.00000
FS3   -214.26150     10.62500  -1567.68017      1.00000
FS3   -216.82650     10.52000  -1570.77426      1.00000
FS3   -207.45150      9.96500  -1571.35553      1.00000
FS3   -212.95650     10.10000  -1541.89932      1.00000
FS3   -209.47650     10.02500  -1543.63821      1.00000
FS3   -210.12150      8.78000  -1593.18203      1.00000
FS3   -213.63150      8.49500  -1552.70291      1.00000
FS3   -218.61150      8.15000  -1574.83811      1.00000
FS3   -216.19650      8.04500  -1594.88026      1.00000
FS3   -212.58150      7.94000  -1555.92965      1.00000
FS3   -206.61150      7.68500  -1550.47993      1.00000
FS3   -209.14650      7.10000  -1546.59683      1.00000
FS3   -211.90650      6.80000  -1544.72919      1.00000
FS3   -214.23150      6.24500  -1559.33597      1.00000
FS3   -216.28650      5.97500  -1564.81738      1.00000
FS3   -207.00150      4.86500  -1589.57694      1.00000
FS3   -216.57150      4.76000  -1553.92145      1.00000
FS3   -217.86150      3.60500  -1548.09872      1.00000
FS3   -219.19650      2.34500  -1565.22958      1.00000
FS3   -208.95150      2.21000  -1536.82374      1.00000
FS3   -212.08650     29.25500  -1564.62389      1.00000
FS3   -211.95150     28.55000  -1558.96766      1.00000
FS3   -212.79150     28.28000  -1559.92638      1.00000
FS3   -216.33150     27.89000  -1571.55031      1.00000
FS3   -211.23150     26.91500  -1582.31429      1.00000
FS3   -216.88650     26.76500  -1543.49039      1.00000
FS3   -214.93650     25.59500  -1566.06926      1.00000
FS3   -207.97650     25.64000  -1561.00431      1.00000
FS3   -216.18150     25.17500  -1574.67926      1.00000
FS3   -212.68650     24.71000  -1561.58990      1.00000
FS3   -210.81150     24.39500  -1545.59927      1.00000
FS3   -217.86150     24.32000  -1569.58047      1.00000
FS3   -207.82650     24.15500  -1556.46024      1.00000
FS3   -208.96650     23.87000  -1564.87369      1.00000
FS3   -211.60650     21.36500  -1564.02541      1.00000
FS3   -218.67150     20.88500  -1555.81578      1.00000
FS3   -206.92650     19.13000  -1551.22625      1.00000
FS3   -211.80150     18.50000  -1552.80585      1.00000
FS3   -215.07150     17.81000  -1574.41546      1.00000
FS3   -212.91150     17.75000  -1566.54357      1.00000
FS3   -212.19150     17.70500  -1531.80656      1.00000
FS3   -215.89650     17.51000  -1559.51583      1.00000
FS3   -210.13650     17.28500  -1583.19405      1.00000
FS3   -209.80650     16.34000  -1557.21247      1.00000
FS3   -219.64650     15.66500  -1564.04497      1.00000
FS3   -206.95650     15.21500  -1563.17671      1.00000
FS3   -214.23150     15.21500  -1562.40720      1.00000
FS3   -209.17650     15.41000  -1553.46905      1.00000
FS3   -215.76150     16.13000  -1565.56439      1.00000
FS3   -211.68150     14.79500  -1561.71783      1.00000
FS3   -207.09150     14.19500  -1556.08705      1.00000
FS3   -210.36150     13.85000  -1561.46671      1.00000
FS3   -213.22650     13.56500  -1538.22290      1.00000
FS3   -209.23650     13.31000  -1549.97504      1.00000
FS3   -205.93650     12.92000  -1549.42897      1.00000
FS3   -214.84650     12.83000  -1563.49931      1.00000
FS3   -210.10650     12.81500  -1518.62805      1.00000
FS3   -211.89150     11.40500  -1554.34687      1.00000
FS3   -207.45150     30.23000  -1593.42291      1.00000
FS3   -216.37650     10.80500  -1557.71031      1.00000
FS3   -211.60650     10.64000  -1572.47703      1.00000
FS3   -215.31150     10.28000  -1559.45723      1.00000
FS3   -217.96650      9.44000  -1553.09408      1.00000
FS3   -209.22150      9.18500  -1535.44352      1.00000
FS3   -212.31150      8.99000  -1548.98218      1.00000
FS3   -210.19650     29.91500  -1623.74826      1.00000
FS3   -207.45150      8.09000  -1544.55737      1.00000
FS3   -219.76650      7.92500  -1550.20787      1.00000
FS3   -218.80650      7.94000  -1561.28626      1.00000
FS3   -215.86650      7.31000  -1550.19603      1.00000
FS3   -219.67650      7.05500  -1553.83376      1.00000
FS3   -217.69650      6.60500  -1554.47551      1.00000
FS3   -215.37150      6.36500  -1610.57281      1.00000
FS3   -218.95650      6.53000  -1542.97966      1.00000
FS3   -209.76150      5.51000  -1569.65371      1.00000
FS3   -208.45650      5.30000  -1566.60753      1.00000
FS3   -212.95650      4.98500  -1551.46328      1.00000
FS3   -207.61650      4.59500  -1522.56509      1.00000
FS3   -211.98150      4.40000  -1547.47161      1.00000
FS3   -210.46650      4.35500  -1540.76597      1.00000
FS3   -209.23650      3.98000  -1545.98748      1.00000
FS3   -212.28150      3.72500  -1544.75300      1.00000
FS3   -214.27650      3.41000  -1549.83066      1.00000
FS3   -211.11150      3.00500  -1546.64794      1.00000
FS3   -210.13650      2.36000  -1548.64827      1.00000
FS4   -216.97650    -30.23000   1550.67457      1.00000
FS4   -210.90150    -30.92000   1511.15831      1.00000
FS4   -216.25650     -5.25500   1508.86020      1.00000
FS4   -205.62150     -5.52500   1521.04532      1.00000
FS4   -219.57150     -6.11000   1558.15945      1.00000
FS4   -210.49650     -6.11000   1511.83865      1.00000
FS4   -215.41650     -6.18500   1512.25801      1.00000
FS4   -217.24650     -7.05500   1513.16056      1.00000
FS4   -205.27650     -7.04000   1535.22650      1.00000
FS4   -219.31650     -7.20500   1507.55551      1.00000
FS4   -219.67650     -7.91000   1618.33405      0.75063
FS4   -207.99150     -8.75000   1640.02168      0.59472
FS4   -211.32150     -8.99000   1506.32958      1.00000
FS4   -206.43150     -9.09500   1516.47356      1.00000
FS4   -208.83150     -9.72500   1519.23481      1.00000
FS4   -211.86150     -9.62000   1497.51419      1.00000
FS4   -215.38650     -9.89000   1530.99731      1.00000
FS4   -209.65650    -10.25000   1507.76635      1.00000
FS4   -208.14150    -11.55500   1527.34657      1.00000
FS4   -217.30650    -12.24500   1546.27846      1.00000
FS4   -207.12150    -12.50000   1521.26920      1.00000
FS4   -212.29650    -12.56000   1498.33626      1.00000
FS4   -217.27650    -15.14000   1512.80141      1.00000
FS4   -218.95650    -15.92000   1506.70173      1.00000
FS4   -210.15150    -16.20500   1514.91811      1.00000
FS4   -216.63150    -15.90500   1522.33209      1.00000
FS4   -212.58150    -16.49000   1511.87961      1.00000
FS4   -207.24150    -16.98500   1499.80232      1.00000
FS4   -217.20150    -17.19500   1521.12854      1.00000
FS4   -208.03650    -17.46500   1519.16300      1.00000
FS4   -205.83150    -18.30500   1514.82678      1.00000
FS4   -214.06650    -19.59500   1503.73830      1.00000
FS4   -212.31150    -19.68500   1501.39207      1.00000
FS4   -208.17150     -2.96000   1523.27263      1.00000
FS4   -210.75150    -20.82500   1515.68031      1.00000
FS4   -208.50150    -21.05000   1537.09380      1.00000
FS4   -210.01650     -3.26000   1546.05268      1.00000
FS4   -214.69650    -23.28500   1503.56946      1.00000
FS4   -206.35650     -3.59000   1519.51196      1.00000
FS4   -218.05650    -23.70500   1513.85639      1.00000
FS4   -217.44150     -3.74000   1526.91223      1.00000
FS4   -208.57650    -25.68500   1559.07951      1.00000
FS4   -214.93650    -26.00000   1499.25388      1.00000
FS4   -208.39650    -26.64500   1537.62744      1.00000
FS4   -216.72150    -27.45500   1579.73261      1.00000
FS4   -205.53150    -27.24500   1532.25199      1.00000
FS4   -208.84650    -27.54500   1513.66845      1.00000
FS4   -219.30150    -27.86000   1503.07123      1.00000
FS4   -210.36150    -28.32500   1541.23521      1.00000
FS4   -206.83650    -28.44500   1511.49550      1.00000
FS4   -217.93650    -29.31500   1513.13907      1.00000
FS4   -211.20150    -29.82500   1505.91493      1.00000
FS4   -210.37650    -30.00500   1503.25701      1.00000
FS4   -214.09650    -30.33500   1514.11982      1.00000
FS4   -206.82150     -4.46000   1538.94909      1.00000
FS4   -212.34150     -4.94000   1521.60853      1.00000
FS4   -217.26150    -30.69500   1544.69065      1.00000
FS4   -207.06150    -30.95000   1513.14505      1.00000
FS4   -212.23650    -31.01000   1494.23191      1.00000
FS4   -210.79650     -5.79500   1497.88388      1.00000
FS4   -215.67150     -7.23500   1518.37305      1.00000
FS4   -214.32150     -7.46000   1523.89509      1.00000
FS4   -216.90150     -7.56500   1492.48767      1.00000
FS4   -213.03150     -7.98500   1502.42333      1.00000
FS4   -207.54150     -8.10500   1622.21375      0.83351
FS4   -209.55150     -8.06000   1506.75213      1.00000
FS4   -212.55150     -8.69000   1498.49270      1.00000
FS4   -208.65150     -8.82500   1511.17994      1.00000
FS4   -213.70650     -9.59000   1506.68425      1.00000
FS4   -218.70150     -9.95000   1512.89088      1.00000
FS4   -216.28650    -10.04000   1671.96719      0.50281
FS4   -212.64150    -10.14500   1505.65284      1.00000
FS4   -206.67150    -10.38500   1499.50024      1.00000
FS4   -209.22150    -10.97000   1496.74232      1.00000
FS4   -214.29150    -11.82500   1505.72216      1.00000
FS4   -216.36150    -12.11000   1505.76311      1.00000
FS4   -214.83150    -12.92000   1527.17493      1.00000
FS4   -216.64650    -13.32500   1497.18380      1.00000
FS4   -217.74150     -3.12500   1573.09109      1.00000
FS4   -205.69650     -3.17000   1518.00098      1.00000
FS4   -210.22650     -3.36500   1698.93985      0.41862
FS4   -219.27150    -15.75500   1501.17048      1.00000
FS4   -208.96650    -15.90500   1504.57978      1.00000
FS4   -205.98150    -16.20500   1519.77213      1.00000
FS4   -205.32150    -17.04500   1597.65483      1.00000
FS4   -208.35150    -18.00500   1492.27013      1.00000
FS4   -216.46650     -3.92000   1487.32460      1.00000
FS4   -215.46150    -18.60500   1513.99212      1.00000
FS4   -217.92150    -18.08000   1502.48616      1.00000
FS4   -216.28650    -18.21500   1516.06187      1.00000
FS4   -208.75650    -19.26500   1517.41785      1.00000
FS4   -211.87650    -19.85000   1536.06427      1.00000
FS4   -210.45150    -20.36000   1505.51809      1.00000
FS4   -208.12650    -21.41000   1512.54278      1.00000
FS4   -209.95650    -21.71000   1522.75019      1.00000
FS4   -206.29650    -22.04000   1516.47332      1.00000
FS4   -217.39650    -22.20500   1510.25874      1.00000
FS4   -206.77650    -22.91000   1514.48235      1.00000
FS4   -212.29650    -23.40500   1502.01226      1.00000
FS4   -216.21150    -23.72000   1498.85045      1.00000
FS4   -205.57650    -23.97500   1511.29487      1.00000
FS4   -219.51150    -24.57500   1525.82958      1.00000
FS4   -210.45150    -24.56000   1507.10446      1.00000
FS4   -215.37150    -24.65000   1498.88103      1.00000
FS4   -217.18650    -25.52000   1504.60732      1.00000
FS4   -219.27150    -25.67000   1497.57779      1.00000
FS4   -207.93150    -27.20000   1631.91263      0.73808
FS4   -211.26150    -27.45500   1494.62062      1.00000
FS4   -206.38650    -27.54500   1514.18554      1.00000
FS4   -211.81650    -28.07000   1489.90802      1.00000
FS4   -208.78650    -28.17500   1505.12283      1.00000
FS4   -215.31150    -28.35500   1522.58794      1.00000
FS4   -205.26150    -28.53500   1704.15476      0.40661
FS4   -209.59650    -28.71500   1509.71808      1.00000
FS4   -208.09650    -30.00500   1517.83243      1.00000
FS4   -211.62150     -5.33000   1507.12403      1.00000
